state,party,finance.better,child.indep,child.curio,child.obed,child.consid,women.child,women.work,women.media,women.disc,women.favors,women.comp,women.hire,women.opp,year,Religion,President
NA,NA,2,NA,NA,NA,NA,NA,NA,NA,NA,NA,NA,NA,NA,2012,Evangelical,NA
NA,1,2,2,2,1,1,7,NA,1,5,5,5,4,3,2012,Other Christian,Barack Obama
NA,1,2,2,2,1,1,6,1,4,3,4,4,2,4,2012,Catholic,Barack Obama
NA,1,2,3,2,1,3,4,4,1,4,2,1,3,1,2012,Evangelical,Barack Obama
NA,1,2,2,2,2,2,5,4,4,3,4,4,2,2,2012,Not Religious,Barack Obama
NA,1,5,1,1,1,1,6,4,6,2,5,4,2,1,2012,Not Religious,NA
NA,1,2,2,2,1,2,4,4,4,3,4,4,1,4,2012,Mainline,Barack Obama
NA,1,1,2,2,1,2,7,5,1,1,5,3,5,4,2012,Mainline,NA
NA,1,2,2,2,1,NA,5,4,4,3,5,4,2,3,2012,Evangelical,Barack Obama
NA,2,2,3,3,3,3,2,3,4,2,5,5,2,4,2012,Catholic,NA
NA,2,2,1,1,2,1,7,2,4,2,2,3,2,5,2012,Catholic,Mitt Romney
NA,2,2,2,2,2,2,4,4,5,2,4,4,2,4,2012,Mainline,NA
NA,2,4,2,1,1,1,4,3,4,2,4,1,2,4,2012,Other Christian,Barack Obama
NA,2,4,2,2,1,1,7,4,5,2,3,3,2,4,2012,Other Christian,NA
NA,2,3,2,2,2,1,6,2,7,3,5,2,2,3,2012,Mainline,Mitt Romney
NA,2,4,2,2,1,3,NA,NA,4,NA,NA,NA,NA,4,2012,Not Religious,Mitt Romney
NA,2,3,2,1,2,1,6,1,7,1,2,3,2,7,2012,Mainline,Mitt Romney
6,2,1,2,2,1,2,7,1,4,5,4,4,4,1,2012,Catholic,Barack Obama
5,3,4,3,3,1,3,6,1,4,2,3,4,3,4,2012,Evangelical,NA
NA,3,1,3,2,3,3,7,3,1,2,4,4,2,4,2012,Evangelical,NA
5,3,2,2,1,1,1,7,2,4,2,3,2,2,5,2012,Not Religious,Mitt Romney
NA,3,5,2,2,2,1,7,3,4,2,2,4,4,4,2012,Evangelical,NA
5,3,5,2,1,1,3,7,3,4,2,4,4,2,4,2012,Evangelical,NA
NA,NA,2,NA,NA,NA,NA,NA,NA,NA,NA,NA,NA,NA,NA,2012,Mainline,NA
NA,3,3,2,2,1,2,5,2,6,2,4,3,2,4,2012,Evangelical,Mitt Romney
NA,NA,2,NA,NA,NA,NA,NA,NA,NA,NA,NA,NA,NA,NA,2012,Catholic,NA
NA,3,4,2,2,1,2,4,4,4,3,2,3,3,1,2012,Catholic,Mitt Romney
NA,3,5,2,3,3,3,5,1,1,3,4,4,4,2,2012,Mainline,Mitt Romney
NA,3,2,2,2,2,3,6,4,4,3,4,4,3,3,2012,Evangelical,Barack Obama
NA,2,4,2,1,2,1,6,4,2,4,5,4,2,2,2012,Not Religious,Barack Obama
NA,2,1,1,2,2,1,7,4,4,2,5,4,2,1,2012,Evangelical,Barack Obama
NA,2,1,1,2,1,2,6,4,5,3,4,4,2,4,2012,Other Religion,NA
6,2,2,2,2,2,1,7,4,4,2,5,5,4,1,2012,Not Religious,Barack Obama
NA,1,4,2,2,1,2,4,3,4,2,2,4,2,4,2012,Catholic,Barack Obama
6,1,3,2,2,2,1,7,2,1,4,1,4,3,4,2012,Catholic,NA
6,4,4,2,1,2,1,5,6,1,5,5,4,4,3,2012,NA,Other
NA,1,1,1,2,3,1,6,1,4,3,5,4,2,1,2012,Not Religious,Barack Obama
NA,4,5,2,2,1,2,6,4,2,5,2,4,3,2,2012,Catholic,NA
6,4,2,1,2,2,1,4,4,2,3,5,5,3,1,2012,Not Religious,Barack Obama
NA,1,2,2,2,1,2,7,4,1,4,4,2,3,4,2012,Catholic,NA
NA,4,4,2,1,2,1,6,4,4,2,4,4,2,2,2012,Catholic,Mitt Romney
NA,4,4,2,NA,3,3,7,1,4,2,4,4,2,3,2012,Catholic,Barack Obama
6,4,2,2,2,2,1,5,4,4,3,4,4,2,2,2012,Catholic,Barack Obama
NA,4,5,2,2,1,3,6,4,4,3,4,4,2,4,2012,Catholic,Mitt Romney
NA,4,4,1,1,2,1,4,1,4,3,3,4,3,3,2012,Catholic,Mitt Romney
NA,4,4,2,2,1,1,6,1,4,2,4,4,2,4,2012,Other Christian,Mitt Romney
NA,4,4,2,2,1,1,7,1,4,2,4,3,2,2,2012,Other Christian,Mitt Romney
NA,1,4,2,2,1,1,7,4,7,3,4,4,2,3,2012,Not Religious,Mitt Romney
NA,4,1,2,2,1,1,4,2,4,2,4,4,2,3,2012,Other Christian,NA
NA,NA,4,2,3,3,3,7,1,3,2,3,4,2,4,2012,Mainline,Mitt Romney
NA,4,2,3,2,2,1,5,1,4,3,NA,4,2,5,2012,Other Christian,Barack Obama
NA,4,3,2,2,2,2,7,2,4,3,3,2,3,4,2012,Other Christian,NA
NA,4,2,2,1,2,1,6,2,4,2,NA,4,NA,2,2012,Not Religious,Other
NA,4,2,2,2,2,1,7,1,4,1,5,4,2,4,2012,Other Christian,Mitt Romney
NA,1,3,2,1,3,2,6,4,4,2,3,4,2,2,2012,Not Religious,NA
NA,1,1,2,2,1,2,7,1,4,4,2,3,5,1,2012,Catholic,NA
NA,1,3,1,2,2,2,6,2,3,3,4,3,4,2,2012,Catholic,NA
NA,1,5,2,2,1,2,4,2,4,2,2,4,3,2,2012,Catholic,NA
NA,2,2,2,1,2,1,6,4,4,3,4,4,2,2,2012,Catholic,Barack Obama
NA,2,3,2,1,2,3,5,4,1,3,4,4,4,2,2012,Not Religious,Barack Obama
NA,2,4,2,2,2,2,6,4,7,1,4,4,2,4,2012,Not Religious,Mitt Romney
NA,2,2,2,2,2,1,2,4,2,3,3,4,4,2,2012,Not Religious,Barack Obama
NA,2,4,2,2,2,1,4,4,1,2,5,5,3,1,2012,Not Religious,NA
NA,2,5,2,1,1,1,4,4,4,3,4,4,2,2,2012,Catholic,Mitt Romney
NA,2,1,2,2,1,2,4,4,4,2,NA,5,NA,4,2012,Not Religious,NA
NA,2,5,2,1,1,1,7,2,4,2,4,4,2,4,2012,Not Religious,NA
NA,2,4,1,1,2,1,7,1,1,3,4,1,3,1,2012,Evangelical,Barack Obama
NA,1,2,2,2,1,2,4,4,4,2,5,5,1,4,2012,Catholic,NA
NA,1,2,2,2,1,2,6,4,3,3,3,3,2,3,2012,Not Religious,NA
NA,1,5,2,2,2,3,5,1,2,4,2,3,4,4,2012,Other Religion,NA
NA,1,2,NA,2,2,1,7,4,2,2,4,4,NA,5,2012,Other Religion,Barack Obama
NA,1,2,2,1,2,1,6,2,2,4,4,4,2,1,2012,Catholic,Barack Obama
NA,1,3,2,2,3,3,4,4,4,3,4,3,2,3,2012,Not Religious,Mitt Romney
NA,1,5,1,2,2,2,7,1,4,4,4,4,5,1,2012,Not Religious,NA
NA,1,3,2,2,1,1,4,4,4,2,4,4,2,2,2012,Other Christian,Mitt Romney
NA,1,3,2,2,2,2,5,4,3,4,5,4,2,3,2012,Mainline,Mitt Romney
49,1,3,2,2,1,1,4,1,4,3,4,4,2,4,2012,Other Religion,Mitt Romney
NA,1,2,2,2,1,1,5,2,6,2,4,3,3,4,2012,Other Christian,NA
NA,3,4,3,3,3,3,6,1,3,3,NA,5,1,4,2012,Other Christian,Mitt Romney
NA,3,2,2,2,2,1,7,3,2,3,2,2,2,3,2012,Not Religious,NA
NA,3,3,1,1,2,1,6,2,2,3,5,4,2,2,2012,Not Religious,Barack Obama
NA,NA,2,NA,NA,NA,NA,NA,NA,NA,NA,NA,NA,NA,NA,2012,Catholic,NA
NA,3,2,1,1,2,1,4,4,2,3,5,5,2,2,2012,Jewish,Barack Obama
NA,3,1,3,3,NA,3,4,NA,NA,1,4,NA,2,4,2012,Not Religious,NA
NA,3,3,3,2,3,3,5,4,4,2,5,3,2,NA,2012,NA,Mitt Romney
NA,1,3,1,1,2,1,7,1,6,2,5,5,1,4,2012,Catholic,Barack Obama
10,3,3,2,2,1,2,4,4,2,2,4,2,2,4,2012,Other Christian,NA
NA,3,4,2,2,1,3,5,4,4,3,4,4,3,3,2012,Other Christian,NA
10,3,1,1,1,2,1,6,4,4,2,4,4,2,2,2012,Not Religious,Other
NA,3,3,2,1,1,3,6,4,4,3,4,4,2,4,2012,Not Religious,Mitt Romney
NA,3,4,2,2,1,2,7,1,7,1,4,4,1,4,2012,Mainline,Mitt Romney
NA,3,4,2,1,1,1,4,4,4,3,4,4,2,3,2012,Mainline,Mitt Romney
NA,NA,2,NA,NA,NA,NA,NA,NA,NA,NA,NA,NA,NA,NA,2012,Evangelical,NA
NA,2,2,2,2,1,2,6,4,NA,3,NA,NA,4,1,2012,Other Religion,NA
12,2,4,1,2,2,1,7,4,5,2,4,4,NA,2,2012,Not Religious,NA
NA,2,1,2,2,1,3,4,NA,4,3,5,3,2,2,2012,Evangelical,NA
NA,2,3,2,2,2,1,4,4,4,3,4,4,2,2,2012,Evangelical,Mitt Romney
NA,2,2,2,2,1,2,4,2,4,2,NA,4,2,3,2012,Other Christian,Mitt Romney
NA,2,3,2,2,1,3,7,1,4,3,2,4,3,4,2012,Other Christian,NA
NA,2,5,2,2,2,1,5,2,4,2,4,4,2,4,2012,Catholic,Barack Obama
NA,2,4,2,2,2,2,6,2,5,2,4,4,1,4,2012,Mainline,Mitt Romney
NA,2,4,2,2,1,1,6,1,5,2,4,4,2,2,2012,Evangelical,Mitt Romney
NA,2,2,2,1,1,2,6,2,2,3,3,4,2,4,2012,Other Christian,Mitt Romney
NA,2,4,2,2,2,1,5,4,4,2,4,4,2,4,2012,Mainline,Mitt Romney
NA,3,3,2,2,1,3,7,1,1,4,4,4,2,4,2012,Evangelical,Mitt Romney
12,3,5,3,3,3,3,6,4,4,3,4,4,2,2,2012,Not Religious,Mitt Romney
NA,3,1,2,2,2,1,4,4,4,4,5,2,4,5,2012,Black Protestant,Barack Obama
NA,3,3,2,2,2,2,5,3,1,4,4,5,2,2,2012,Evangelical,Barack Obama
12,NA,2,NA,NA,NA,NA,NA,NA,NA,NA,NA,NA,NA,NA,2012,Other Christian,NA
12,3,1,3,2,1,3,6,4,1,3,4,5,3,3,2012,NA,Barack Obama
NA,3,3,1,2,1,1,7,1,1,5,3,1,2,7,2012,Evangelical,Barack Obama
NA,3,4,2,2,1,2,5,1,4,3,3,3,3,4,2012,Evangelical,Barack Obama
NA,3,4,2,2,2,1,5,3,1,4,5,4,3,1,2012,Evangelical,Barack Obama
NA,3,2,2,2,1,2,7,2,2,2,4,4,2,2,2012,Other Christian,Mitt Romney
NA,3,4,1,2,2,1,7,2,4,2,4,4,2,2,2012,Mainline,Barack Obama
NA,NA,1,NA,NA,NA,NA,NA,NA,NA,NA,NA,NA,NA,NA,2012,Black Protestant,NA
NA,3,3,3,2,3,3,4,4,2,3,5,4,2,2,2012,Catholic,Barack Obama
NA,3,3,2,2,1,1,4,NA,4,2,3,3,2,4,2012,Catholic,NA
NA,3,3,1,2,2,1,7,4,4,2,2,4,2,4,2012,Other Religion,NA
NA,3,3,1,1,2,1,6,2,4,3,4,4,2,4,2012,Catholic,Mitt Romney
NA,3,3,2,2,1,1,6,1,1,3,4,2,4,4,2012,Catholic,Barack Obama
NA,3,2,2,2,1,1,7,1,4,2,4,4,2,4,2012,Catholic,NA
NA,NA,3,NA,NA,NA,NA,NA,NA,NA,NA,NA,NA,NA,NA,2012,Catholic,NA
12,3,2,2,2,2,1,7,2,4,1,5,5,2,3,2012,Other Christian,Mitt Romney
NA,3,4,2,2,1,2,7,1,1,5,5,2,5,1,2012,Not Religious,NA
NA,NA,4,NA,NA,NA,NA,NA,NA,NA,NA,NA,NA,NA,NA,2012,Not Religious,NA
NA,NA,2,2,1,2,1,4,2,3,3,4,2,2,3,2012,Evangelical,NA
NA,3,2,2,2,1,2,5,2,4,2,2,2,2,2,2012,NA,Barack Obama
12,2,3,2,2,1,3,4,4,1,4,4,NA,3,3,2012,Catholic,NA
NA,2,4,2,2,2,2,5,1,4,2,3,4,2,2,2012,Jewish,Mitt Romney
NA,2,3,1,1,2,1,6,4,4,3,4,4,2,2,2012,Catholic,NA
NA,2,2,1,3,2,1,6,NA,4,2,4,4,2,2,2012,Catholic,Barack Obama
NA,2,2,2,2,1,3,7,1,1,3,2,2,3,1,2012,Mainline,Barack Obama
NA,2,5,3,2,1,1,6,4,4,5,3,5,3,2,2012,Other Religion,NA
NA,2,5,2,2,2,1,5,4,1,3,4,3,2,2,2012,Evangelical,Barack Obama
NA,2,2,3,2,1,3,4,1,1,3,5,5,NA,1,2012,Other Christian,Mitt Romney
NA,2,3,2,1,2,1,6,3,4,3,2,3,2,4,2012,Catholic,Mitt Romney
12,2,3,2,2,1,2,4,4,1,3,3,4,3,1,2012,Other Christian,Barack Obama
NA,2,4,2,2,1,2,7,1,1,3,3,4,2,4,2012,Other Christian,Barack Obama
NA,2,2,2,1,2,1,6,2,4,3,4,4,2,2,2012,Other Christian,Mitt Romney
NA,2,4,2,1,2,2,6,4,2,3,5,5,2,2,2012,Catholic,Mitt Romney
NA,2,4,2,1,2,1,7,4,2,3,4,4,2,3,2012,Catholic,Barack Obama
13,2,2,2,2,2,1,7,4,4,1,4,4,2,4,2012,Not Religious,NA
NA,2,4,1,1,1,1,5,4,3,3,5,4,2,2,2012,Mainline,Barack Obama
13,2,4,2,2,1,2,6,1,4,3,4,3,2,1,2012,Evangelical,Mitt Romney
NA,2,3,2,2,1,1,4,4,6,2,2,4,NA,5,2012,Other Christian,Barack Obama
NA,2,4,2,2,1,1,4,4,2,3,4,4,2,3,2012,Evangelical,Mitt Romney
NA,2,3,1,2,2,2,4,4,2,4,5,5,4,1,2012,Other Christian,Barack Obama
NA,1,2,2,2,1,3,NA,4,1,4,NA,1,5,1,2012,Other Christian,Barack Obama
NA,1,3,1,2,1,1,7,4,1,4,3,4,4,1,2012,Evangelical,Barack Obama
NA,2,3,2,2,1,2,7,2,1,2,2,4,4,4,2012,Not Religious,NA
NA,NA,4,2,2,1,1,5,1,4,1,3,4,3,3,2012,Evangelical,Mitt Romney
12,1,5,1,1,1,1,4,4,4,2,4,4,2,4,2012,Other Christian,Mitt Romney
NA,NA,5,2,2,1,2,7,1,4,3,3,4,4,1,2012,Mainline,NA
NA,NA,3,1,2,2,2,5,4,3,3,4,4,2,4,2012,Evangelical,Barack Obama
NA,NA,4,2,3,1,2,6,2,4,2,4,4,2,3,2012,Evangelical,NA
NA,NA,2,2,2,1,2,7,1,2,3,5,3,4,2,2012,Evangelical,Barack Obama
NA,NA,2,NA,NA,NA,NA,NA,NA,NA,NA,NA,NA,NA,NA,2012,Evangelical,NA
NA,1,3,2,2,1,2,6,4,4,3,4,4,2,4,2012,Not Religious,Barack Obama
NA,1,4,2,2,1,2,7,4,4,2,4,4,2,4,2012,Evangelical,NA
NA,3,1,1,2,1,1,4,4,4,3,3,1,3,4,2012,Not Religious,NA
NA,3,3,2,2,2,1,4,1,2,3,4,4,2,2,2012,Other Christian,Mitt Romney
NA,3,1,2,2,1,1,4,4,4,3,3,NA,NA,4,2012,Catholic,NA
NA,3,2,2,2,1,1,7,1,4,4,4,4,4,3,2012,Other Christian,NA
NA,3,1,1,2,1,2,4,4,4,1,5,4,2,4,2012,Catholic,NA
NA,3,4,2,1,1,1,6,1,1,3,4,4,2,2,2012,Evangelical,Mitt Romney
NA,3,1,2,2,1,2,7,1,1,5,2,3,4,4,2012,Not Religious,NA
NA,3,1,1,2,2,2,4,3,4,1,4,4,1,4,2012,Not Religious,NA
NA,3,2,2,2,2,1,5,4,2,3,4,4,4,1,2012,Other Christian,Barack Obama
17,3,5,1,1,1,2,6,4,7,2,4,3,2,4,2012,Other Christian,NA
NA,3,5,2,1,1,1,6,4,2,3,2,4,2,3,2012,Evangelical,Mitt Romney
NA,1,3,2,2,2,1,5,4,4,2,4,4,2,3,2012,Other Christian,Barack Obama
NA,1,3,2,2,1,1,6,4,4,2,4,4,2,2,2012,Mainline,NA
NA,1,3,2,2,2,1,4,4,4,3,4,4,2,2,2012,Mainline,Mitt Romney
NA,1,4,2,2,2,1,7,1,4,2,4,3,2,3,2012,Catholic,Mitt Romney
NA,1,NA,2,2,2,2,6,4,4,3,4,4,2,2,2012,Mainline,NA
NA,1,3,3,1,2,2,6,4,2,3,4,5,4,2,2012,Not Religious,Barack Obama
18,1,2,2,1,2,2,7,1,3,3,3,4,3,3,2012,Other Christian,Mitt Romney
NA,1,2,2,1,2,1,5,2,4,2,5,2,2,4,2012,Mainline,Barack Obama
18,1,3,2,2,1,2,6,3,4,2,4,3,2,3,2012,Catholic,Barack Obama
NA,1,2,1,2,1,1,4,4,1,4,5,4,2,1,2012,Catholic,Barack Obama
NA,1,4,2,2,1,2,4,4,4,1,2,2,5,4,2012,Other Christian,NA
NA,NA,3,NA,NA,NA,NA,NA,NA,NA,NA,NA,NA,NA,NA,2012,Other Christian,NA
NA,2,4,2,1,1,1,6,4,4,2,5,3,2,3,2012,Catholic,Mitt Romney
NA,2,1,1,1,2,1,5,2,6,1,NA,4,NA,4,2012,Not Religious,Mitt Romney
NA,2,4,2,2,2,1,4,4,3,3,4,3,2,4,2012,Evangelical,Other
NA,2,2,2,2,1,1,6,4,4,3,4,3,2,2,2012,Mainline,Barack Obama
NA,2,2,2,2,1,1,5,4,4,3,4,4,2,1,2012,Mainline,Mitt Romney
NA,2,1,1,2,1,2,7,4,2,3,4,2,2,4,2012,Evangelical,Barack Obama
NA,2,3,1,3,2,3,6,4,4,3,4,4,2,2,2012,Not Religious,Barack Obama
NA,2,5,2,2,1,2,4,4,5,3,3,3,3,4,2012,Catholic,Mitt Romney
NA,2,2,2,2,1,1,4,4,2,2,4,4,2,3,2012,Evangelical,Barack Obama
NA,2,4,3,3,3,3,4,4,NA,2,NA,NA,NA,4,2012,Other Christian,Mitt Romney
NA,2,4,2,2,1,1,7,4,2,5,4,4,3,2,2012,Not Religious,NA
19,2,4,3,3,3,3,6,4,4,3,5,4,2,4,2012,Not Religious,NA
NA,2,1,1,2,1,2,7,1,1,4,5,4,2,1,2012,Evangelical,Barack Obama
21,2,2,2,1,1,1,6,4,4,3,4,4,2,2,2012,Catholic,Barack Obama
NA,2,2,2,2,1,2,7,4,4,3,4,5,4,2,2012,NA,NA
21,2,2,2,1,2,1,5,4,4,2,5,4,2,4,2012,Not Religious,Barack Obama
21,2,5,2,1,1,1,4,4,4,2,NA,NA,2,3,2012,Catholic,Mitt Romney
NA,NA,1,NA,NA,NA,NA,NA,NA,NA,NA,NA,NA,NA,NA,2012,Other Christian,NA
NA,2,2,3,1,1,2,1,3,4,5,3,5,5,1,2012,Catholic,NA
NA,2,2,2,2,1,2,6,4,4,2,3,2,3,4,2012,Other Christian,NA
NA,2,5,2,2,2,2,5,4,4,3,4,4,2,2,2012,Evangelical,NA
NA,2,4,1,2,1,1,5,4,1,2,4,3,2,4,2012,Evangelical,NA
22,1,1,1,1,2,1,5,4,3,3,4,5,2,4,2012,Not Religious,NA
22,1,3,2,1,2,1,4,4,4,2,2,3,4,3,2012,Not Religious,Other
22,1,4,2,2,2,2,4,4,4,3,4,4,2,2,2012,Not Religious,Barack Obama
22,1,3,2,2,1,1,5,4,4,3,4,4,NA,4,2012,Other Christian,Mitt Romney
NA,1,2,2,1,2,1,6,4,3,3,5,NA,2,3,2012,Not Religious,Other
9,1,1,2,1,2,1,6,4,6,1,4,4,2,4,2012,Other Christian,NA
22,1,3,1,1,2,1,4,4,4,3,3,3,2,3,2012,Not Religious,Barack Obama
NA,1,4,2,2,1,1,7,2,6,4,4,2,2,4,2012,Evangelical,Mitt Romney
NA,1,NA,2,2,1,2,4,4,NA,1,5,2,2,1,2012,Not Religious,NA
24,1,1,2,2,1,2,7,2,4,4,4,2,2,1,2012,Evangelical,Barack Obama
24,NA,4,NA,NA,NA,NA,NA,NA,NA,NA,NA,NA,NA,NA,2012,Not Religious,NA
NA,3,2,2,2,2,1,7,2,4,2,3,3,2,4,2012,Catholic,Barack Obama
NA,1,2,2,2,2,1,4,4,4,3,NA,4,2,4,2012,Mainline,Barack Obama
NA,1,2,2,1,2,1,5,3,4,3,4,3,2,5,2012,Catholic,Mitt Romney
NA,1,2,2,2,2,2,6,4,2,3,4,2,2,2,2012,Not Religious,NA
NA,3,3,2,2,2,1,5,4,NA,NA,NA,NA,3,2,2012,Not Religious,Barack Obama
NA,3,1,2,2,1,1,7,7,4,4,4,4,2,4,2012,Catholic,Barack Obama
NA,3,2,2,2,1,1,6,7,4,3,4,4,2,2,2012,Evangelical,NA
NA,3,4,1,1,2,1,6,1,4,3,4,4,2,3,2012,Mainline,Mitt Romney
NA,NA,3,NA,NA,NA,NA,NA,NA,NA,NA,NA,NA,NA,NA,2012,Catholic,NA
NA,3,4,2,2,2,1,4,4,2,2,4,4,2,4,2012,Catholic,NA
NA,3,3,2,2,1,2,7,1,2,3,4,4,2,2,2012,Mainline,Barack Obama
NA,3,3,2,2,2,2,7,1,4,2,3,4,2,4,2012,Mainline,NA
NA,NA,3,NA,NA,NA,NA,NA,NA,NA,NA,NA,NA,NA,NA,2012,Mainline,NA
NA,2,3,2,1,2,1,4,4,2,3,4,5,2,1,2012,Catholic,Barack Obama
NA,2,4,2,2,2,1,6,4,6,1,4,4,1,4,2012,Catholic,Mitt Romney
NA,1,2,2,2,2,1,6,4,4,4,4,5,2,1,2012,Catholic,Barack Obama
NA,2,2,2,2,2,2,5,1,4,3,4,4,2,4,2012,Not Religious,Mitt Romney
NA,2,3,2,2,2,1,7,1,4,3,4,4,2,2,2012,Not Religious,Mitt Romney
NA,2,4,2,2,1,2,6,1,4,3,3,2,3,2,2012,Catholic,Barack Obama
NA,1,5,1,2,2,2,7,4,4,3,NA,2,2,4,2012,Not Religious,NA
NA,1,5,2,1,1,1,7,NA,4,3,4,4,2,2,2012,Not Religious,Barack Obama
NA,1,3,1,1,2,1,6,4,2,3,4,4,2,2,2012,Catholic,Barack Obama
NA,2,2,1,1,2,1,6,3,4,3,5,4,2,3,2012,Not Religious,Mitt Romney
NA,2,4,2,1,2,2,7,1,5,2,2,5,1,2,2012,Not Religious,Mitt Romney
NA,2,4,2,2,1,1,7,1,4,4,4,4,2,4,2012,Not Religious,Mitt Romney
NA,2,3,2,2,2,1,7,1,4,2,4,4,2,4,2012,Other Christian,Mitt Romney
NA,2,5,1,1,2,1,6,4,4,3,4,4,2,2,2012,Not Religious,Barack Obama
NA,NA,1,NA,NA,NA,NA,NA,NA,NA,NA,NA,NA,NA,NA,2012,Not Religious,NA
NA,2,4,1,1,2,2,4,4,4,2,4,4,2,2,2012,Not Religious,NA
NA,2,3,2,1,2,1,7,1,3,5,4,4,2,4,2012,Catholic,Barack Obama
NA,2,3,2,1,1,1,4,4,4,2,5,5,2,4,2012,Not Religious,Barack Obama
NA,2,4,2,1,2,1,4,4,2,3,4,4,2,2,2012,Not Religious,NA
NA,3,5,2,2,2,1,4,4,4,2,4,3,2,3,2012,Catholic,Barack Obama
NA,3,1,2,2,1,1,7,1,4,3,4,2,5,4,2012,Mainline,Barack Obama
NA,3,1,1,2,1,1,6,4,4,2,2,4,1,4,2012,Not Religious,NA
NA,3,3,1,2,1,1,7,1,4,3,4,4,2,1,2012,Evangelical,Barack Obama
NA,3,3,1,2,2,1,4,4,4,2,4,4,2,2,2012,Catholic,NA
NA,3,2,2,2,1,2,5,4,4,2,2,2,4,4,2012,Evangelical,NA
NA,3,2,2,2,1,1,6,1,4,3,5,5,2,1,2012,Evangelical,Barack Obama
NA,3,5,1,2,1,1,5,3,4,4,5,4,2,2,2012,Evangelical,Mitt Romney
NA,NA,3,2,1,2,1,6,2,5,2,3,2,2,5,2012,Evangelical,Mitt Romney
NA,NA,3,2,2,3,3,6,2,2,3,4,4,2,2,2012,Jewish,Barack Obama
NA,NA,3,NA,NA,NA,NA,NA,NA,NA,NA,NA,NA,NA,NA,2012,Catholic,NA
NA,NA,2,1,1,2,1,6,2,1,3,4,4,2,2,2012,Jewish,Barack Obama
NA,NA,3,1,1,2,1,4,4,2,4,5,4,2,1,2012,Other Christian,Barack Obama
NA,NA,4,1,1,2,1,4,4,4,3,NA,4,NA,2,2012,Jewish,Barack Obama
NA,NA,3,2,2,1,1,6,1,4,3,4,4,2,2,2012,Evangelical,Mitt Romney
NA,NA,3,2,2,2,1,7,4,5,1,NA,NA,NA,1,2012,NA,Barack Obama
29,NA,2,2,3,1,1,6,1,1,2,3,3,2,2,2012,Evangelical,NA
29,NA,4,2,2,2,1,4,1,4,3,4,3,3,1,2012,Catholic,NA
NA,NA,4,2,2,2,2,4,4,4,3,3,4,2,2,2012,Mainline,NA
NA,NA,2,2,2,1,1,7,2,3,3,4,4,2,6,2012,Evangelical,NA
NA,2,2,1,2,1,2,7,4,2,5,2,3,3,2,2012,Evangelical,Barack Obama
30,2,2,1,1,2,1,6,4,2,3,4,5,2,2,2012,Other Religion,Barack Obama
NA,2,4,1,1,2,1,4,4,4,3,5,4,4,4,2012,Mainline,Mitt Romney
NA,2,2,2,2,1,1,7,1,4,2,3,2,2,2,2012,Not Religious,Mitt Romney
NA,2,2,1,1,2,1,4,4,4,3,4,5,2,3,2012,Not Religious,Barack Obama
NA,2,3,1,2,2,1,5,4,4,4,5,4,3,3,2012,Other Christian,Barack Obama
NA,2,2,1,1,2,1,4,4,3,3,5,4,3,2,2012,Not Religious,Barack Obama
NA,2,4,2,1,2,2,5,3,6,2,2,4,2,4,2012,Not Religious,Mitt Romney
30,2,2,2,1,2,1,6,2,4,2,5,4,2,3,2012,Evangelical,NA
NA,2,4,2,2,2,1,6,1,4,2,4,4,2,4,2012,Other Christian,Mitt Romney
NA,2,3,2,2,1,NA,6,4,4,3,4,4,2,2,2012,Evangelical,Barack Obama
NA,3,4,2,2,1,1,6,4,4,3,4,4,2,4,2012,Mainline,Mitt Romney
NA,NA,5,NA,NA,NA,NA,NA,NA,NA,NA,NA,NA,NA,NA,2012,Evangelical,NA
NA,3,2,2,2,1,2,6,1,4,3,4,4,2,2,2012,Not Religious,Mitt Romney
NA,3,2,2,2,1,2,4,4,4,3,2,4,2,4,2012,Other Christian,Barack Obama
10,3,4,2,2,1,1,6,4,4,4,4,4,2,4,2012,Jewish,Mitt Romney
NA,NA,2,NA,NA,NA,NA,NA,NA,NA,NA,NA,NA,NA,NA,2012,Not Religious,NA
NA,3,4,2,2,1,1,4,3,2,2,4,4,2,2,2012,Catholic,Mitt Romney
NA,NA,2,NA,NA,NA,NA,NA,NA,NA,NA,NA,NA,NA,NA,2012,Catholic,NA
NA,3,3,2,2,3,3,4,2,4,2,4,4,2,2,2012,Mainline,Mitt Romney
NA,3,2,1,2,2,1,6,2,4,3,5,4,2,2,2012,Catholic,Mitt Romney
NA,3,4,2,2,1,1,7,1,5,1,2,2,2,4,2012,Not Religious,Mitt Romney
NA,3,3,2,1,2,1,5,4,4,3,4,4,2,2,2012,Catholic,Mitt Romney
NA,3,3,2,2,2,2,6,4,4,2,3,2,2,4,2012,NA,NA
NA,3,4,2,2,1,2,4,4,NA,NA,NA,4,NA,2,2012,Not Religious,NA
NA,3,3,2,2,1,1,4,2,4,3,4,5,2,4,2012,Jewish,Mitt Romney
NA,3,1,2,1,2,1,7,2,1,3,5,3,3,1,2012,Mainline,Barack Obama
NA,2,3,2,2,1,1,4,1,3,4,5,5,2,2,2012,Evangelical,Barack Obama
NA,2,3,2,2,2,2,5,4,2,3,5,4,2,3,2012,Catholic,Barack Obama
NA,2,4,2,1,1,2,7,1,4,1,2,5,1,4,2012,Other Religion,Barack Obama
NA,2,2,2,2,2,2,4,4,6,3,2,4,3,4,2012,NA,Barack Obama
NA,2,4,3,3,2,3,4,4,2,3,4,2,3,1,2012,Catholic,Mitt Romney
35,3,4,2,2,3,3,4,4,2,NA,NA,4,NA,4,2012,Not Religious,NA
NA,1,4,3,3,3,3,7,4,2,3,3,4,2,4,2012,Catholic,NA
35,3,1,2,2,1,1,6,2,4,2,2,4,2,2,2012,Evangelical,Mitt Romney
4,1,3,2,3,1,2,7,1,4,3,2,3,2,4,2012,Evangelical,Barack Obama
35,1,3,3,3,3,3,6,4,2,3,4,4,3,1,2012,Catholic,Barack Obama
NA,NA,2,NA,NA,NA,NA,NA,NA,NA,NA,NA,NA,NA,NA,2012,Other Christian,NA
NA,3,2,2,2,1,2,7,4,4,3,2,2,1,6,2012,Catholic,NA
NA,3,3,2,2,1,2,6,1,3,2,4,4,2,2,2012,Catholic,Barack Obama
36,4,1,2,2,1,1,7,4,4,3,5,4,3,4,2012,Mainline,NA
36,4,2,2,2,1,1,7,4,1,4,3,4,2,4,2012,Catholic,Barack Obama
36,2,2,2,2,1,2,7,4,1,5,5,5,2,1,2012,Catholic,NA
NA,NA,2,2,2,3,3,4,4,4,2,4,4,2,6,2012,Evangelical,NA
NA,NA,2,2,2,1,2,1,4,1,4,2,5,1,4,2012,Evangelical,Barack Obama
NA,NA,2,1,2,1,2,3,4,1,5,3,4,4,4,2012,Catholic,NA
NA,4,3,2,2,2,1,4,4,2,3,3,4,2,1,2012,Catholic,Barack Obama
NA,4,NA,3,3,3,3,6,4,NA,2,NA,5,NA,NA,2012,Not Religious,NA
NA,NA,3,NA,NA,NA,NA,NA,NA,NA,NA,NA,NA,NA,NA,2012,NA,NA
NA,NA,5,2,2,1,1,7,4,1,5,2,2,4,1,2012,Evangelical,Mitt Romney
NA,NA,5,2,3,1,3,6,4,1,3,4,3,3,2,2012,Other Christian,NA
NA,NA,3,2,2,2,1,7,1,3,3,4,3,4,1,2012,Catholic,Barack Obama
54,2,4,2,2,2,1,7,4,1,4,5,4,2,4,2012,Other Religion,Mitt Romney
NA,2,4,2,2,2,2,6,1,2,4,4,4,2,3,2012,Evangelical,Barack Obama
37,2,2,2,2,1,2,6,1,1,3,5,2,4,1,2012,Evangelical,Barack Obama
NA,2,2,1,1,2,2,5,2,4,2,5,4,1,2,2012,Not Religious,NA
NA,2,2,2,2,1,1,6,4,4,3,4,4,2,2,2012,Not Religious,Mitt Romney
NA,2,5,2,2,2,2,7,1,4,2,5,4,3,4,2012,Not Religious,NA
NA,2,5,1,1,1,1,7,1,4,3,NA,3,2,1,2012,Black Protestant,NA
NA,2,NA,2,2,1,2,7,1,4,3,4,4,2,1,2012,Evangelical,Mitt Romney
NA,2,3,2,2,1,2,6,4,2,3,NA,4,2,2,2012,Mainline,Mitt Romney
37,3,2,1,1,2,1,6,4,4,3,5,4,2,3,2012,Catholic,NA
NA,3,2,2,2,1,2,5,4,2,3,4,4,2,2,2012,Other Christian,Barack Obama
NA,3,1,1,1,2,1,7,4,2,3,4,4,2,1,2012,Not Religious,Barack Obama
NA,3,3,3,3,3,3,7,1,4,1,4,NA,1,4,2012,Mainline,NA
49,3,4,1,2,1,2,4,4,4,2,4,4,2,4,2012,Catholic,Barack Obama
NA,3,3,2,2,2,1,6,2,4,3,4,4,2,2,2012,Mainline,Barack Obama
NA,3,5,2,2,2,3,6,4,2,3,5,4,2,2,2012,Catholic,Barack Obama
NA,3,5,1,1,2,1,4,4,2,3,5,5,2,2,2012,Catholic,Barack Obama
NA,3,2,3,3,2,3,5,4,4,3,4,5,2,4,2012,Other Religion,Barack Obama
NA,3,2,1,1,2,1,6,4,2,3,5,4,2,4,2012,Other Religion,Barack Obama
NA,3,2,1,1,2,1,6,4,4,2,4,4,2,4,2012,Catholic,Barack Obama
NA,3,4,2,3,3,3,7,2,4,4,4,4,2,3,2012,Catholic,Mitt Romney
NA,3,1,2,2,1,1,6,1,5,2,3,4,2,4,2012,Mainline,Barack Obama
NA,3,4,3,3,3,3,7,2,4,3,5,2,2,4,2012,Mainline,Mitt Romney
NA,3,1,3,2,2,3,7,1,1,4,4,4,2,1,2012,Other Christian,NA
NA,3,2,3,3,1,3,4,1,4,2,1,3,2,5,2012,Catholic,Barack Obama
NA,3,3,2,2,1,1,7,1,4,3,3,4,NA,4,2012,Mainline,Mitt Romney
NA,3,3,3,3,3,3,6,2,4,3,4,4,2,1,2012,Catholic,Mitt Romney
NA,3,4,2,2,2,1,4,2,1,3,4,4,2,2,2012,Not Religious,Barack Obama
NA,3,2,3,3,3,3,7,1,2,5,5,4,2,1,2012,Evangelical,Barack Obama
NA,2,2,2,2,2,2,7,3,3,4,2,3,3,2,2012,Not Religious,Barack Obama
40,2,5,2,1,2,1,4,4,4,3,4,4,2,3,2012,Evangelical,NA
NA,2,2,2,2,1,2,5,1,4,3,4,4,2,3,2012,Other Christian,Barack Obama
NA,2,5,2,2,1,2,6,1,NA,2,3,2,2,1,2012,Other Religion,NA
NA,2,4,2,1,1,2,6,1,4,2,2,1,3,4,2012,Evangelical,NA
NA,2,4,2,2,1,1,7,1,7,1,2,1,1,4,2012,Other Christian,Mitt Romney
NA,2,1,2,2,2,1,6,6,4,2,4,4,2,4,2012,Other Christian,Barack Obama
NA,1,4,2,2,1,2,5,4,4,4,4,4,2,4,2012,Mainline,Barack Obama
NA,NA,5,NA,NA,NA,NA,NA,NA,NA,NA,NA,NA,NA,NA,2012,Evangelical,NA
NA,1,3,2,2,1,3,4,1,1,3,5,4,2,4,2012,Other Christian,Barack Obama
42,1,1,2,2,1,2,7,1,1,3,4,1,3,4,2012,Not Religious,Barack Obama
NA,1,2,2,2,1,2,4,4,NA,1,4,4,2,4,2012,NA,NA
NA,1,3,3,3,3,3,7,4,1,3,2,5,5,1,2012,Other Christian,Barack Obama
NA,1,2,2,1,2,1,4,4,4,4,4,4,2,1,2012,Other Christian,Barack Obama
NA,1,2,2,2,1,2,4,1,2,3,4,4,2,1,2012,Evangelical,Barack Obama
NA,1,4,2,2,2,1,7,1,4,2,NA,NA,2,4,2012,Other Christian,Mitt Romney
NA,3,2,2,2,3,3,7,1,7,1,4,2,2,1,2012,Not Religious,NA
NA,3,3,2,2,1,2,6,2,4,3,3,4,2,4,2012,Mainline,Mitt Romney
NA,3,2,2,2,1,1,7,4,1,3,4,4,2,4,2012,Black Protestant,NA
NA,3,2,2,2,2,2,4,1,4,3,2,2,5,4,2012,Catholic,NA
NA,3,4,2,2,1,2,6,2,6,2,4,4,2,4,2012,Other Christian,Barack Obama
NA,3,4,2,1,3,3,6,1,5,2,4,4,2,3,2012,Mainline,Mitt Romney
NA,3,5,2,2,1,2,5,2,6,1,1,1,2,4,2012,Mainline,Mitt Romney
42,3,2,1,2,1,1,4,4,4,2,3,3,2,4,2012,Other Christian,Mitt Romney
NA,3,4,2,2,1,1,5,1,4,2,3,4,2,4,2012,Black Protestant,Mitt Romney
NA,3,4,2,2,1,2,4,1,4,3,5,4,NA,1,2012,Mainline,Mitt Romney
NA,3,3,1,1,2,1,6,4,4,2,4,4,2,4,2012,Not Religious,Barack Obama
NA,3,3,2,1,2,2,4,4,2,3,5,5,2,3,2012,Not Religious,NA
NA,3,3,2,1,2,1,4,4,2,3,4,2,4,1,2012,Catholic,Barack Obama
NA,3,1,2,1,1,1,5,4,3,3,4,5,2,1,2012,Not Religious,Barack Obama
NA,3,2,1,1,2,1,4,4,2,3,4,4,2,3,2012,Not Religious,Barack Obama
NA,3,4,1,1,2,1,5,4,4,2,5,4,2,4,2012,Jewish,Barack Obama
NA,3,2,1,1,2,1,4,3,4,2,5,2,2,5,2012,Catholic,Barack Obama
NA,2,4,2,2,1,1,6,1,4,2,3,4,2,4,2012,Mainline,NA
NA,2,2,2,2,1,1,7,4,4,3,4,3,1,4,2012,Evangelical,Mitt Romney
NA,2,4,2,3,1,2,7,4,4,4,4,3,2,2,2012,Other Religion,NA
NA,2,3,2,2,1,2,4,1,4,2,4,4,2,4,2012,Mainline,Mitt Romney
NA,2,4,2,1,2,1,5,1,4,2,5,4,2,2,2012,NA,Mitt Romney
NA,2,4,1,1,2,1,4,4,1,3,5,4,2,2,2012,Other Religion,Barack Obama
12,2,5,2,2,1,2,6,2,5,3,4,2,2,4,2012,Other Christian,Mitt Romney
NA,2,4,3,3,3,3,4,4,4,3,4,4,2,4,2012,Mainline,Barack Obama
NA,2,4,2,2,2,1,4,2,4,2,4,4,2,3,2012,Mainline,NA
NA,2,4,2,2,2,2,7,1,4,3,3,4,2,4,2012,Evangelical,NA
NA,2,2,2,2,1,1,7,4,4,2,4,2,3,2,2012,Mainline,Mitt Romney
NA,2,1,2,2,1,1,7,4,4,5,2,3,4,4,2012,Evangelical,NA
NA,1,5,2,2,3,3,4,4,4,2,4,4,2,2,2012,Catholic,Mitt Romney
NA,1,3,2,2,1,3,6,4,2,4,5,4,3,1,2012,Catholic,NA
NA,1,4,2,2,1,3,1,4,4,1,3,2,2,1,2012,Mainline,Barack Obama
NA,1,1,2,2,2,2,3,4,1,4,4,4,2,4,2012,Catholic,NA
NA,1,2,2,2,3,3,6,2,2,3,5,4,3,2,2012,Mainline,NA
NA,1,1,2,2,2,1,7,1,4,2,5,4,5,4,2012,Other Religion,NA
NA,1,3,2,3,3,3,7,NA,1,4,4,5,4,1,2012,Not Religious,Barack Obama
NA,1,4,2,2,1,2,6,2,4,2,4,4,3,1,2012,Other Christian,Mitt Romney
42,1,1,2,2,3,1,7,2,2,4,4,3,3,2,2012,Not Religious,Barack Obama
NA,1,3,2,2,3,3,6,2,7,1,2,2,NA,4,2012,Catholic,Mitt Romney
NA,1,4,2,2,1,1,4,4,2,1,2,4,1,4,2012,Catholic,NA
44,1,2,NA,NA,NA,NA,NA,NA,4,3,5,4,NA,3,2012,Not Religious,Barack Obama
NA,1,4,1,1,1,2,4,4,4,2,4,4,2,4,2012,Other Religion,Mitt Romney
NA,1,2,2,1,1,1,6,2,6,2,4,4,2,3,2012,Catholic,Mitt Romney
NA,1,4,2,2,1,2,6,2,NA,3,5,NA,2,2,2012,Other Religion,NA
NA,1,4,2,1,2,1,7,4,1,4,4,4,2,2,2012,Not Religious,NA
NA,1,4,2,2,1,1,7,1,4,3,5,4,2,2,2012,Catholic,NA
NA,1,4,1,2,2,2,6,4,4,2,3,3,2,4,2012,Catholic,Mitt Romney
NA,1,2,1,1,2,1,4,4,2,3,5,5,2,1,2012,Not Religious,Barack Obama
45,3,1,1,2,1,2,4,4,4,1,3,1,3,4,2012,Not Religious,Barack Obama
NA,3,3,2,2,1,2,5,4,4,2,4,3,2,2,2012,Evangelical,Mitt Romney
NA,3,4,2,2,1,3,7,1,4,3,3,2,2,4,2012,Evangelical,Mitt Romney
NA,3,4,2,2,1,1,7,1,2,3,4,3,3,1,2012,Evangelical,Mitt Romney
NA,NA,4,NA,NA,NA,NA,NA,NA,NA,NA,NA,NA,NA,NA,2012,Evangelical,NA
NA,3,5,2,1,2,1,6,2,4,2,3,5,4,1,2012,Not Religious,NA
NA,3,2,2,2,1,2,6,2,6,3,2,2,3,4,2012,Evangelical,NA
NA,3,2,2,2,1,3,5,4,4,3,NA,NA,NA,5,2012,Evangelical,Mitt Romney
45,3,4,2,2,1,2,4,4,4,3,4,3,2,4,2012,Not Religious,NA
NA,3,2,1,2,2,2,4,4,4,3,NA,NA,NA,NA,2012,Not Religious,NA
NA,3,5,2,2,1,2,7,1,5,3,5,4,3,1,2012,Mainline,NA
NA,3,4,3,2,2,1,6,1,6,3,4,2,2,2,2012,Evangelical,Mitt Romney
NA,3,4,2,2,1,1,7,1,2,4,4,2,4,1,2012,Evangelical,Mitt Romney
NA,3,3,2,2,1,1,5,2,4,2,4,4,2,4,2012,Evangelical,Mitt Romney
NA,3,4,2,2,1,1,7,1,1,5,2,4,3,2,2012,Mainline,NA
NA,NA,5,NA,NA,NA,NA,NA,NA,NA,NA,NA,NA,NA,NA,2012,Not Religious,NA
NA,3,2,3,3,3,3,6,1,1,3,3,3,2,2,2012,Evangelical,Barack Obama
47,3,2,3,3,3,3,7,4,4,3,4,4,4,1,2012,Not Religious,NA
NA,3,5,2,2,1,2,7,1,4,2,3,1,2,4,2012,Not Religious,NA
NA,3,3,2,2,2,2,7,1,6,2,4,2,3,1,2012,Other Christian,NA
NA,4,2,2,1,1,1,7,1,4,4,4,4,2,1,2012,Other Christian,Barack Obama
48,4,2,2,2,2,2,4,4,4,3,4,4,2,1,2012,Evangelical,NA
NA,4,3,2,2,1,1,1,3,4,2,4,4,3,1,2012,Evangelical,NA
NA,NA,2,NA,NA,NA,NA,NA,NA,NA,NA,NA,NA,NA,NA,2012,Evangelical,NA
NA,4,3,2,2,1,1,4,4,4,3,2,2,4,1,2012,Evangelical,Barack Obama
NA,4,2,2,2,1,2,7,2,4,3,NA,4,3,4,2012,Catholic,NA
NA,4,4,2,3,1,2,7,1,1,4,4,4,3,4,2012,Other Christian,Barack Obama
NA,4,2,2,2,1,3,6,4,1,4,5,5,5,1,2012,Catholic,NA
NA,4,1,2,2,1,2,4,1,4,3,4,4,3,3,2012,Other Christian,NA
NA,4,3,2,2,3,3,5,4,1,2,4,4,3,1,2012,Evangelical,Barack Obama
NA,4,2,2,2,3,1,4,4,3,3,NA,1,5,1,2012,Mainline,NA
NA,2,1,1,2,2,1,4,4,3,3,5,4,2,2,2012,Other Religion,Mitt Romney
NA,2,2,2,2,2,2,5,4,4,3,5,5,2,2,2012,Catholic,Barack Obama
NA,2,2,2,2,1,2,4,4,4,2,5,4,2,2,2012,Other Christian,NA
NA,2,5,2,2,2,1,6,4,4,1,4,4,2,5,2012,Catholic,NA
NA,2,5,2,2,1,2,6,2,6,2,4,4,2,3,2012,Other Religion,Mitt Romney
NA,2,3,3,3,3,3,6,4,4,3,4,2,2,3,2012,Not Religious,Mitt Romney
NA,2,1,2,2,1,2,4,4,4,1,NA,2,1,4,2012,Mainline,NA
NA,2,2,1,1,2,1,6,4,1,4,5,2,4,1,2012,Other Religion,Barack Obama
NA,NA,3,2,2,2,1,7,4,4,3,4,5,2,4,2012,Other Christian,Barack Obama
NA,NA,4,2,2,1,2,7,1,2,3,2,4,3,2,2012,Evangelical,Mitt Romney
NA,NA,2,2,3,3,3,7,1,4,1,5,1,2,4,2012,Evangelical,NA
NA,NA,1,3,3,3,3,1,6,1,4,NA,4,4,1,2012,Other Christian,Barack Obama
NA,NA,2,2,2,2,2,4,4,4,3,4,3,2,4,2012,Evangelical,Mitt Romney
NA,NA,1,1,1,2,1,4,6,4,3,4,4,2,3,2012,Not Religious,Barack Obama
NA,NA,3,2,1,1,1,4,1,7,2,2,2,2,5,2012,Evangelical,Mitt Romney
NA,NA,5,2,2,1,1,4,4,3,3,5,4,2,2,2012,Evangelical,NA
NA,1,3,2,1,1,1,4,4,4,2,4,3,2,4,2012,Other Christian,NA
NA,1,3,2,1,2,1,7,1,6,1,4,1,2,1,2012,Catholic,Mitt Romney
NA,1,5,3,3,3,3,4,2,2,3,4,4,2,3,2012,Catholic,Mitt Romney
NA,1,3,2,3,3,3,6,4,2,3,4,4,2,2,2012,NA,NA
NA,NA,2,NA,NA,NA,NA,NA,NA,NA,NA,NA,NA,NA,NA,2012,Mainline,NA
NA,1,3,1,1,2,3,4,2,7,2,3,4,1,4,2012,Mainline,Mitt Romney
NA,1,1,2,2,2,1,5,2,1,4,5,3,1,1,2012,Not Religious,NA
NA,1,1,2,1,2,1,4,4,4,3,5,5,2,1,2012,Mainline,Barack Obama
51,1,3,1,1,2,1,5,4,7,4,3,3,2,4,2012,Other Christian,NA
NA,1,2,3,3,3,3,4,4,4,3,4,4,2,4,2012,Mainline,Barack Obama
NA,3,3,3,2,1,1,7,3,4,3,5,5,2,4,2012,Other Religion,Barack Obama
NA,3,1,2,2,2,1,6,3,3,3,4,5,2,3,2012,Catholic,Barack Obama
NA,3,3,2,2,1,1,5,1,4,3,4,4,NA,4,2012,Evangelical,NA
NA,3,4,2,2,1,1,4,1,7,2,3,2,1,4,2012,Not Religious,NA
NA,3,5,2,2,1,2,6,2,6,3,2,2,2,4,2012,Other Christian,Barack Obama
NA,3,2,2,2,1,1,6,4,4,2,4,5,2,4,2012,Evangelical,NA
NA,3,NA,2,2,1,1,7,4,1,4,4,3,4,1,2012,Catholic,Barack Obama
NA,3,1,1,2,1,1,6,4,5,2,3,3,2,4,2012,Not Religious,NA
NA,3,1,2,2,1,1,7,4,5,1,2,2,1,4,2012,Not Religious,NA
NA,NA,4,2,2,1,2,4,1,2,3,3,4,2,4,2012,Catholic,Mitt Romney
NA,NA,5,2,2,1,2,2,2,6,3,4,4,NA,2,2012,Other Religion,NA
NA,NA,2,1,1,2,1,4,4,1,4,5,4,2,1,2012,Catholic,Barack Obama
NA,NA,5,2,2,1,1,6,4,4,2,4,4,2,3,2012,Other Religion,NA
NA,NA,2,2,1,1,1,7,4,4,2,2,2,2,4,2012,Evangelical,Barack Obama
NA,3,2,1,1,1,2,6,2,4,3,4,4,2,4,2012,Other Christian,Barack Obama
NA,3,2,2,2,1,1,6,2,1,3,4,3,2,1,2012,Catholic,Barack Obama
55,3,1,2,2,1,1,6,1,4,2,4,2,2,3,2012,Not Religious,Barack Obama
NA,3,1,2,2,2,2,6,2,3,3,4,3,3,2,2012,Not Religious,Barack Obama
NA,3,3,2,1,1,2,5,5,4,3,4,4,2,3,2012,Other Religion,Barack Obama
NA,NA,5,NA,NA,NA,NA,NA,NA,NA,NA,NA,NA,NA,NA,2012,Catholic,NA
NA,3,2,2,2,1,2,4,4,4,1,5,4,2,4,2012,Not Religious,NA
NA,3,1,2,2,2,2,7,1,1,5,4,4,2,1,2012,Not Religious,Barack Obama
NA,1,2,2,2,2,2,1,6,2,3,1,NA,4,2,2012,Catholic,Barack Obama
NA,3,2,1,1,2,1,4,4,4,3,5,4,NA,3,2012,Not Religious,Barack Obama
NA,1,2,2,2,1,2,6,1,4,3,4,4,2,4,2012,Evangelical,Barack Obama
NA,1,4,2,1,1,1,4,1,1,4,3,3,4,4,2012,Mainline,Barack Obama
NA,1,5,2,2,1,2,7,4,1,4,5,3,4,1,2012,Evangelical,Barack Obama
1,1,1,2,2,1,2,6,4,1,5,4,5,2,4,2012,Other Christian,Barack Obama
NA,NA,2,NA,NA,NA,NA,NA,NA,NA,NA,NA,NA,NA,NA,2012,Evangelical,NA
1,1,4,2,1,1,1,5,4,4,3,3,3,2,3,2012,Other Christian,NA
1,1,4,2,2,1,3,6,1,4,3,4,4,2,4,2012,Mainline,NA
NA,2,4,2,2,1,2,7,1,5,1,2,NA,NA,7,2012,Not Religious,Mitt Romney
NA,2,4,3,2,1,3,7,3,2,3,4,4,2,2,2012,Other Christian,NA
NA,2,2,2,2,2,1,6,4,1,4,5,5,2,1,2012,Other Religion,Barack Obama
NA,1,5,2,2,1,2,6,4,4,4,3,4,4,2,2012,Not Religious,NA
NA,1,1,2,2,1,2,7,1,4,3,3,2,3,3,2012,Mainline,Mitt Romney
NA,1,2,2,2,1,2,7,1,4,2,3,4,2,4,2012,Catholic,Barack Obama
NA,4,4,1,2,2,2,7,1,2,4,4,4,2,3,2012,Not Religious,Barack Obama
NA,4,1,2,2,1,2,4,1,1,4,1,1,5,4,2012,Mainline,Barack Obama
NA,4,3,2,2,1,2,7,3,1,5,5,2,3,4,2012,Catholic,NA
NA,1,4,2,2,2,1,7,4,4,2,4,5,2,4,2012,Catholic,Barack Obama
NA,4,1,2,2,1,2,5,4,4,3,2,3,4,4,2012,Mainline,NA
NA,4,2,1,2,2,1,5,3,2,4,5,5,4,1,2012,Catholic,Barack Obama
NA,4,3,2,2,1,3,7,1,4,3,4,2,2,4,2012,Catholic,NA
NA,1,4,2,2,1,1,7,3,4,5,3,4,2,4,2012,Other Christian,Barack Obama
6,1,3,2,2,1,1,5,3,4,3,5,4,3,4,2012,Catholic,NA
NA,4,2,2,2,1,1,5,4,4,1,5,3,3,4,2012,Catholic,Barack Obama
NA,4,2,2,2,1,2,5,1,2,5,1,3,5,3,2012,Not Religious,Barack Obama
NA,4,2,2,2,2,2,7,6,3,2,4,2,1,4,2012,Catholic,Barack Obama
NA,1,5,2,2,2,1,5,1,1,4,4,3,4,1,2012,Catholic,Barack Obama
NA,1,4,2,2,1,2,6,6,4,2,3,4,2,4,2012,Catholic,NA
NA,4,2,2,2,1,2,5,2,3,4,5,4,4,1,2012,Other Religion,Barack Obama
NA,4,2,2,2,1,1,6,1,5,3,3,4,3,2,2012,Other Christian,Mitt Romney
NA,NA,4,NA,NA,NA,NA,NA,NA,NA,NA,NA,NA,NA,NA,2012,Evangelical,NA
NA,4,2,1,2,2,2,5,4,4,3,4,4,2,3,2012,Catholic,Other
NA,4,3,2,2,2,2,4,4,4,2,5,4,1,2,2012,Other Christian,Mitt Romney
6,4,2,2,2,1,2,3,3,4,2,5,4,2,4,2012,Catholic,NA
6,4,2,2,1,2,1,6,1,4,3,5,4,4,2,2012,Not Religious,Barack Obama
NA,4,3,3,3,3,3,6,1,4,1,4,4,1,4,2012,Other Religion,NA
NA,1,2,2,2,1,2,7,3,1,3,4,4,5,1,2012,Catholic,Barack Obama
6,1,4,3,3,2,1,6,4,NA,2,4,NA,4,4,2012,NA,NA
NA,1,1,2,2,1,2,5,4,4,1,NA,NA,1,4,2012,Other Christian,NA
NA,1,2,2,1,1,1,6,4,4,2,4,5,2,4,2012,Catholic,Mitt Romney
NA,1,2,2,2,1,2,7,1,1,3,2,4,3,3,2012,Catholic,Barack Obama
NA,1,3,2,2,1,2,7,4,1,2,NA,1,1,4,2012,Catholic,Barack Obama
NA,1,1,2,2,2,1,7,1,4,3,4,3,3,1,2012,Catholic,Barack Obama
NA,1,4,1,1,2,1,6,1,4,2,3,2,3,5,2012,Catholic,Barack Obama
51,1,2,2,1,1,2,5,4,4,4,4,4,2,2,2012,Evangelical,Mitt Romney
NA,1,3,2,2,2,1,6,1,4,2,5,3,3,4,2012,Other Christian,Barack Obama
NA,1,2,1,1,1,1,5,4,2,3,4,4,2,2,2012,Catholic,Barack Obama
NA,1,4,2,2,1,3,7,2,4,3,4,4,2,2,2012,Evangelical,NA
NA,1,1,2,1,2,2,6,1,1,4,4,3,4,2,2012,Mainline,Barack Obama
NA,1,3,2,2,2,2,7,1,4,1,2,1,1,4,2012,Catholic,Barack Obama
NA,1,2,2,2,2,1,7,4,4,3,4,3,2,3,2012,Catholic,Barack Obama
NA,1,2,2,2,1,2,6,5,4,1,4,3,2,4,2012,Not Religious,NA
10,NA,4,NA,NA,NA,NA,NA,NA,NA,NA,NA,NA,NA,NA,2012,Evangelical,NA
NA,3,5,2,2,1,2,7,4,4,5,5,2,5,2,2012,Black Protestant,NA
NA,3,1,2,2,1,2,6,1,4,2,4,4,2,4,2012,Evangelical,NA
NA,3,3,2,2,1,2,1,1,1,4,3,3,5,4,2012,Evangelical,Barack Obama
12,3,2,2,2,1,2,5,1,4,3,4,5,3,1,2012,Evangelical,Barack Obama
NA,3,2,2,2,3,3,4,4,2,3,5,4,3,1,2012,Black Protestant,Barack Obama
NA,3,1,2,2,1,2,7,2,1,4,4,1,3,1,2012,Evangelical,Barack Obama
NA,3,4,2,2,1,1,6,4,1,4,5,2,3,1,2012,Evangelical,Barack Obama
NA,3,4,2,2,1,2,4,1,4,3,5,4,3,2,2012,Evangelical,Barack Obama
NA,3,1,2,2,1,2,6,1,1,5,5,4,2,1,2012,Other Christian,Barack Obama
NA,3,2,3,3,3,3,7,1,2,2,5,5,2,3,2012,Evangelical,Barack Obama
12,3,2,2,2,1,1,7,6,1,4,3,4,4,1,2012,Catholic,Barack Obama
NA,3,2,2,2,1,2,1,4,1,4,NA,1,2,3,2012,NA,Barack Obama
NA,3,2,1,1,1,1,6,1,4,2,4,4,2,4,2012,Evangelical,Barack Obama
NA,3,4,2,2,1,1,4,4,1,4,5,2,4,3,2012,Evangelical,Barack Obama
NA,3,5,2,2,1,3,7,3,4,5,4,2,5,1,2012,Evangelical,Barack Obama
NA,3,2,2,2,1,2,4,4,2,3,4,3,2,1,2012,Evangelical,Barack Obama
NA,3,2,2,2,1,2,4,4,2,4,4,2,2,1,2012,Evangelical,Barack Obama
NA,3,1,2,2,1,2,5,1,1,5,4,1,3,1,2012,Other Christian,Barack Obama
NA,3,2,2,2,1,2,6,2,1,4,4,4,2,1,2012,Black Protestant,Barack Obama
NA,3,2,2,2,2,1,7,4,4,3,4,4,2,2,2012,Evangelical,Barack Obama
NA,3,2,2,2,1,1,4,4,4,3,4,3,2,2,2012,Other Christian,Barack Obama
NA,3,2,2,2,1,2,6,4,4,3,4,4,2,2,2012,Evangelical,Barack Obama
NA,3,2,2,2,2,1,6,4,1,2,5,4,3,2,2012,Black Protestant,NA
NA,3,1,2,1,1,1,6,3,2,4,5,4,4,2,2012,Evangelical,Barack Obama
NA,3,2,2,2,1,1,4,4,4,2,5,4,4,2,2012,Black Protestant,Barack Obama
NA,3,2,2,2,1,1,4,1,4,4,3,2,4,1,2012,Evangelical,Barack Obama
NA,3,2,2,2,1,2,3,1,4,2,2,4,2,4,2012,Evangelical,Barack Obama
12,3,1,2,2,2,2,5,1,1,5,5,4,3,3,2012,Black Protestant,NA
NA,3,3,2,2,3,3,4,3,4,2,4,4,NA,3,2012,Evangelical,Barack Obama
NA,3,1,2,2,1,1,6,4,4,2,4,4,2,1,2012,Evangelical,Barack Obama
NA,2,2,2,2,1,2,3,4,5,1,5,5,1,4,2012,Evangelical,NA
NA,2,2,2,1,2,1,4,4,2,3,3,3,2,2,2012,Not Religious,NA
NA,2,3,2,1,1,2,4,4,4,3,4,5,2,4,2012,Evangelical,Barack Obama
NA,2,2,2,2,1,2,7,1,4,3,5,4,2,4,2012,Mainline,NA
NA,2,2,2,2,1,2,4,7,1,3,3,4,2,4,2012,Evangelical,NA
NA,2,2,2,2,1,1,4,4,1,4,3,4,2,1,2012,Other Christian,Barack Obama
17,2,1,2,2,1,2,4,4,4,5,5,4,2,1,2012,Evangelical,Barack Obama
17,NA,3,NA,NA,NA,NA,NA,NA,NA,NA,NA,NA,NA,NA,2012,Evangelical,NA
NA,2,3,3,2,1,2,6,4,4,3,4,4,4,2,2012,Other Christian,Barack Obama
NA,2,4,2,2,2,1,6,4,2,4,4,4,3,1,2012,Not Religious,Barack Obama
NA,2,2,1,2,1,2,4,1,1,4,2,3,4,1,2012,Evangelical,Barack Obama
NA,3,3,1,2,1,2,3,4,4,3,4,4,4,3,2012,Not Religious,Barack Obama
NA,3,4,2,2,2,1,3,1,4,2,2,2,2,7,2012,Other Christian,Barack Obama
17,3,2,2,2,1,2,4,4,4,3,5,5,3,1,2012,Evangelical,Barack Obama
17,1,3,1,2,1,1,6,4,4,2,2,5,3,2,2012,Evangelical,Barack Obama
NA,2,3,2,2,1,1,6,4,2,3,4,3,2,4,2012,Evangelical,Barack Obama
NA,NA,1,NA,NA,NA,NA,NA,NA,NA,NA,NA,NA,NA,NA,2012,Evangelical,NA
NA,2,3,2,2,1,1,4,4,2,3,4,4,3,3,2012,Evangelical,Barack Obama
NA,2,2,2,2,1,2,7,1,4,4,5,3,2,7,2012,Other Christian,Barack Obama
NA,2,1,2,2,1,1,6,4,2,4,4,2,4,1,2012,Not Religious,NA
17,2,2,2,2,1,2,NA,4,4,3,5,5,4,1,2012,Evangelical,Barack Obama
NA,2,1,2,2,1,2,3,4,3,3,2,2,3,4,2012,Not Religious,Barack Obama
NA,2,2,1,1,2,1,5,4,2,3,4,4,2,2,2012,Not Religious,Barack Obama
NA,2,4,2,2,1,1,5,3,4,3,4,4,2,2,2012,Mainline,Barack Obama
NA,NA,3,NA,NA,NA,NA,NA,NA,NA,NA,NA,NA,NA,NA,2012,Not Religious,NA
NA,2,4,2,2,1,1,7,1,4,1,1,2,4,4,2012,Evangelical,Barack Obama
NA,NA,4,NA,NA,NA,NA,NA,NA,NA,NA,NA,NA,NA,NA,2012,Catholic,NA
17,1,2,2,2,1,2,4,4,2,2,2,4,3,1,2012,Other Religion,NA
NA,1,3,3,3,1,3,1,1,3,3,4,4,2,2,2012,Evangelical,Barack Obama
NA,1,2,2,2,1,2,4,4,1,5,4,4,2,1,2012,Black Protestant,Barack Obama
NA,3,4,2,2,1,2,6,4,2,2,4,3,3,1,2012,Evangelical,NA
NA,1,2,3,2,1,2,4,1,1,5,2,1,2,1,2012,Evangelical,Barack Obama
NA,1,3,2,2,1,1,6,2,4,3,3,1,3,4,2012,Evangelical,Barack Obama
NA,3,3,2,2,1,1,4,4,4,3,5,4,2,2,2012,Black Protestant,Barack Obama
NA,2,2,2,1,2,1,4,4,4,3,3,4,3,1,2012,Evangelical,Barack Obama
NA,3,3,2,2,1,2,3,4,4,3,5,4,3,6,2012,Evangelical,Barack Obama
NA,2,2,1,2,2,1,3,4,3,2,3,2,4,3,2012,Other Christian,NA
17,3,1,2,2,2,2,1,4,4,5,4,4,2,1,2012,Evangelical,Barack Obama
21,2,4,2,2,2,1,5,4,4,3,4,4,3,3,2012,Evangelical,Barack Obama
NA,2,1,2,2,1,1,4,4,1,3,5,5,4,1,2012,Evangelical,Barack Obama
21,2,3,2,1,2,1,4,4,4,3,4,5,2,2,2012,Evangelical,Barack Obama
NA,2,2,3,3,3,3,4,4,4,2,5,4,NA,4,2012,Evangelical,Barack Obama
NA,2,4,3,2,2,2,NA,NA,NA,2,NA,4,NA,4,2012,Not Religious,NA
NA,2,2,2,2,1,1,5,NA,3,3,NA,NA,NA,2,2012,Evangelical,Barack Obama
NA,1,1,3,3,3,3,4,4,1,5,5,4,4,1,2012,Catholic,NA
NA,1,4,3,3,3,3,6,4,2,4,3,4,3,1,2012,Not Religious,Barack Obama
NA,1,2,3,3,3,3,7,1,4,3,3,4,3,1,2012,Other Christian,Mitt Romney
NA,1,5,3,3,2,2,7,1,1,5,5,2,4,1,2012,Catholic,Mitt Romney
NA,3,5,2,2,1,2,7,1,4,1,5,4,1,4,2012,Catholic,NA
NA,1,4,2,2,1,3,7,4,2,3,5,3,4,1,2012,Not Religious,NA
NA,1,3,2,2,1,3,7,1,4,NA,NA,3,2,4,2012,Black Protestant,Barack Obama
NA,1,4,2,3,3,3,2,1,3,3,1,1,4,4,2012,Catholic,Barack Obama
35,1,2,3,3,3,3,4,4,4,5,3,2,4,1,2012,Evangelical,Barack Obama
35,3,1,1,2,2,2,4,4,4,2,3,4,3,4,2012,Catholic,Barack Obama
35,1,3,3,3,3,3,4,4,4,3,3,2,2,4,2012,Not Religious,Barack Obama
NA,1,2,2,3,3,3,7,2,4,2,4,4,2,4,2012,Mainline,NA
35,3,4,2,2,1,1,6,2,4,2,5,5,2,4,2012,Catholic,NA
35,1,2,3,3,3,3,5,4,4,2,4,2,2,4,2012,Catholic,NA
NA,NA,3,NA,NA,NA,NA,NA,NA,NA,NA,NA,NA,NA,NA,2012,Evangelical,NA
35,NA,2,NA,NA,NA,NA,NA,NA,NA,NA,NA,NA,NA,NA,2012,Catholic,NA
NA,1,2,3,3,3,3,7,1,2,4,5,3,4,1,2012,Catholic,NA
NA,3,4,2,2,1,1,7,4,4,3,5,2,3,1,2012,Evangelical,Mitt Romney
NA,2,2,2,2,2,1,7,4,3,3,4,4,2,2,2012,Mainline,Barack Obama
NA,NA,3,NA,NA,NA,NA,NA,NA,NA,NA,NA,NA,NA,NA,2012,Evangelical,NA
NA,NA,3,NA,NA,NA,NA,NA,NA,NA,NA,NA,NA,NA,NA,2012,Catholic,NA
36,4,2,2,2,1,3,4,4,4,3,4,4,2,4,2012,Catholic,NA
NA,4,1,2,2,1,1,5,NA,1,3,1,1,5,1,2012,Not Religious,Barack Obama
NA,NA,4,NA,NA,NA,NA,NA,NA,NA,NA,NA,NA,NA,NA,2012,Mainline,NA
NA,NA,3,2,2,2,1,5,3,2,3,2,4,3,1,2012,Other Christian,Barack Obama
NA,NA,1,2,2,1,1,7,4,4,4,3,4,1,4,2012,Not Religious,Barack Obama
NA,NA,1,2,2,1,2,6,1,1,2,4,2,1,4,2012,Catholic,Barack Obama
NA,NA,3,3,3,2,NA,6,1,4,2,5,4,3,3,2012,Evangelical,Barack Obama
NA,NA,3,2,2,1,2,5,4,4,4,5,4,2,5,2012,Not Religious,Barack Obama
NA,NA,2,2,2,1,2,6,1,2,4,2,4,2,4,2012,Evangelical,Barack Obama
NA,NA,3,2,2,2,1,1,4,4,5,4,3,2,3,2012,Catholic,Barack Obama
NA,NA,4,2,2,1,2,4,1,4,4,4,2,4,4,2012,Evangelical,Barack Obama
NA,NA,3,2,2,1,2,7,4,1,5,5,2,5,1,2012,Catholic,Barack Obama
NA,NA,1,2,2,1,2,3,4,1,2,5,4,2,2,2012,Catholic,NA
NA,NA,2,2,2,1,2,4,4,2,1,3,4,1,4,2012,Mainline,NA
NA,1,1,2,2,1,2,2,1,1,5,5,1,4,1,2012,Not Religious,Barack Obama
NA,1,2,2,2,1,2,7,1,1,5,5,5,4,2,2012,Evangelical,Barack Obama
NA,1,2,2,2,1,3,2,2,2,4,5,4,3,4,2012,Evangelical,Barack Obama
NA,1,2,2,2,1,2,4,4,4,3,3,3,2,4,2012,Evangelical,Barack Obama
NA,1,2,1,2,1,2,6,2,4,4,5,3,5,2,2012,Evangelical,Barack Obama
NA,1,3,1,1,2,1,6,1,1,3,5,4,2,1,2012,Catholic,Barack Obama
NA,4,1,2,2,1,2,7,1,4,3,4,2,2,1,2012,Mainline,NA
NA,NA,1,NA,NA,NA,NA,NA,NA,NA,NA,NA,NA,NA,NA,2012,Catholic,NA
NA,NA,3,NA,NA,NA,NA,NA,NA,NA,NA,NA,NA,NA,NA,2012,Other Religion,NA
NA,4,2,2,2,2,2,7,1,2,4,3,4,2,1,2012,Not Religious,NA
NA,4,4,2,2,1,2,7,2,2,2,4,2,2,2,2012,Catholic,Barack Obama
NA,4,4,2,2,1,2,4,1,6,3,2,3,1,3,2012,Not Religious,NA
NA,3,4,2,1,1,2,7,2,4,3,4,3,2,4,2012,Not Religious,NA
NA,1,3,2,2,3,3,5,4,4,1,4,4,2,4,2012,Catholic,NA
NA,3,2,2,2,1,1,7,6,1,4,1,4,2,2,2012,Evangelical,Barack Obama
NA,1,3,3,3,1,3,7,1,4,2,2,5,2,2,2012,Evangelical,Mitt Romney
NA,2,3,3,2,1,1,5,NA,4,NA,3,4,3,3,2012,Not Religious,Barack Obama
NA,2,2,2,2,1,2,5,3,4,1,4,4,2,4,2012,Catholic,Barack Obama
NA,2,2,2,3,3,3,4,2,1,3,2,3,2,2,2012,Catholic,Barack Obama
4,2,4,3,3,3,2,5,2,3,4,3,4,3,3,2012,Other Christian,NA
4,2,5,3,2,3,3,6,4,4,2,4,3,2,4,2012,Catholic,Mitt Romney
NA,2,2,2,2,1,2,6,4,4,3,4,5,2,4,2012,Catholic,Barack Obama
NA,2,4,2,2,1,2,7,1,4,1,1,3,1,4,2012,Mainline,Barack Obama
NA,2,2,2,2,2,2,2,2,4,2,2,5,4,4,2012,Not Religious,NA
NA,2,3,3,3,3,3,5,3,4,3,3,4,3,2,2012,Catholic,Mitt Romney
NA,2,4,2,2,1,2,7,1,3,3,3,4,3,1,2012,Mainline,Mitt Romney
NA,2,2,2,2,3,3,4,4,2,3,2,3,4,3,2012,Not Religious,NA
NA,2,5,2,2,1,2,7,4,4,4,3,3,3,4,2012,Not Religious,NA
NA,2,5,2,2,1,1,7,4,4,3,2,4,2,5,2012,Evangelical,Mitt Romney
NA,2,4,2,2,1,2,6,1,1,3,3,4,3,4,2012,Mainline,Mitt Romney
4,2,2,3,2,1,2,7,4,5,2,4,4,2,4,2012,Other Christian,NA
NA,2,5,2,3,1,3,4,4,3,4,5,3,3,2,2012,Not Religious,NA
NA,2,5,2,2,2,3,7,2,2,2,5,2,4,2,2012,Catholic,NA
8,2,2,1,3,3,3,7,4,3,4,NA,2,2,1,2012,Evangelical,Barack Obama
NA,2,3,3,2,1,2,6,3,2,3,4,2,3,4,2012,Catholic,NA
NA,2,2,2,2,2,2,6,2,4,3,3,4,2,4,2012,Catholic,NA
NA,2,3,2,2,1,2,6,2,4,3,NA,3,2,4,2012,Catholic,Barack Obama
4,2,3,2,2,3,3,7,4,2,4,5,4,2,1,2012,Not Religious,NA
NA,2,2,2,1,2,1,6,2,1,3,5,4,2,4,2012,Not Religious,Barack Obama
NA,2,3,2,2,2,1,6,4,2,3,5,3,2,1,2012,Evangelical,Barack Obama
NA,2,3,2,2,1,2,7,1,4,2,3,4,4,4,2012,Catholic,NA
NA,2,5,2,2,2,3,5,4,2,5,5,2,5,4,2012,Catholic,Mitt Romney
NA,2,3,2,2,1,1,7,1,7,1,4,3,3,1,2012,Not Religious,Barack Obama
NA,3,5,1,2,1,2,7,1,4,3,1,3,2,4,2012,Catholic,Barack Obama
NA,3,3,2,2,1,1,5,4,1,4,4,3,4,3,2012,Evangelical,Barack Obama
NA,3,NA,2,2,3,3,5,3,4,2,4,4,3,4,2012,Evangelical,Barack Obama
NA,3,4,1,1,2,1,7,4,2,3,4,3,4,4,2012,Catholic,NA
NA,3,2,2,2,1,2,7,1,1,3,2,3,3,1,2012,Catholic,NA
NA,3,2,1,2,2,2,7,1,2,3,3,4,1,4,2012,Catholic,Barack Obama
6,3,3,1,2,2,2,6,1,2,4,5,4,2,1,2012,Not Religious,NA
NA,3,2,1,2,1,1,5,4,4,3,4,4,2,4,2012,Mainline,NA
NA,3,4,2,2,2,1,7,4,1,4,5,3,2,1,2012,Catholic,Barack Obama
6,3,4,2,2,1,1,4,4,1,5,4,5,3,2,2012,Catholic,NA
NA,3,2,2,2,1,2,4,4,4,1,3,4,2,4,2012,Catholic,NA
NA,3,2,2,2,2,1,7,3,4,2,3,5,3,4,2012,Catholic,Barack Obama
NA,3,5,2,2,1,2,7,1,1,5,4,4,2,3,2012,Catholic,Barack Obama
NA,NA,2,1,3,3,3,4,NA,3,3,4,4,4,1,2012,Jewish,Barack Obama
NA,NA,3,2,1,2,1,6,4,2,3,3,4,2,4,2012,Mainline,NA
NA,NA,2,2,2,2,1,5,4,4,3,4,5,2,3,2012,Not Religious,NA
NA,NA,2,1,2,2,1,6,4,4,3,4,4,3,4,2012,Evangelical,Barack Obama
NA,NA,3,2,2,2,1,4,4,4,3,5,4,2,2,2012,Catholic,Barack Obama
NA,NA,2,NA,NA,NA,NA,NA,NA,NA,NA,NA,NA,NA,NA,2012,Other Christian,NA
26,NA,3,3,3,3,3,4,4,2,4,NA,NA,NA,NA,2012,Not Religious,Barack Obama
NA,NA,3,1,1,2,2,6,4,4,3,5,4,3,4,2012,Catholic,Mitt Romney
NA,1,4,2,1,2,1,7,3,4,3,1,2,4,6,2012,Catholic,NA
6,NA,4,NA,NA,NA,NA,NA,NA,NA,NA,NA,NA,NA,NA,2012,Other Christian,NA
NA,1,3,2,2,2,1,7,4,4,4,2,4,1,4,2012,Catholic,Barack Obama
6,1,3,1,1,2,1,4,4,4,3,5,5,2,2,2012,Jewish,Barack Obama
NA,2,3,2,2,2,2,7,1,4,3,4,4,2,2,2012,Other Religion,Barack Obama
NA,2,3,2,2,1,1,4,4,1,3,4,4,2,3,2012,Mainline,Mitt Romney
NA,2,2,2,2,2,2,7,1,4,2,5,4,2,2,2012,Other Religion,Barack Obama
NA,2,5,2,2,1,1,7,1,4,1,2,2,NA,4,2012,Catholic,Mitt Romney
NA,2,1,2,2,1,1,5,4,4,2,4,4,2,4,2012,Not Religious,Barack Obama
NA,2,2,2,2,1,2,7,2,2,2,4,4,2,2,2012,Evangelical,Barack Obama
NA,2,3,2,2,1,1,7,1,4,2,4,3,2,3,2012,Evangelical,Other
NA,2,5,2,2,1,1,7,1,5,1,5,4,4,1,2012,Catholic,NA
NA,1,3,2,3,3,3,2,4,4,2,4,4,2,NA,2012,Evangelical,NA
NA,1,3,1,1,2,1,6,2,4,2,2,4,4,3,2012,NA,Barack Obama
NA,1,4,2,2,1,1,6,1,4,2,4,4,2,4,2012,Other Religion,NA
NA,1,4,1,2,2,1,4,4,1,4,5,4,3,1,2012,NA,Barack Obama
NA,NA,5,NA,NA,NA,NA,NA,NA,NA,NA,NA,NA,NA,NA,2012,Other Christian,NA
NA,1,3,1,1,2,1,4,4,4,2,NA,4,2,4,2012,Evangelical,Barack Obama
NA,1,2,2,2,1,2,7,4,2,3,5,4,2,2,2012,Mainline,NA
6,1,3,2,2,1,3,6,1,2,4,2,2,4,2,2012,Mainline,Barack Obama
6,1,4,2,2,2,2,3,4,4,2,2,1,2,4,2012,Jewish,Mitt Romney
NA,1,4,2,2,1,2,6,4,4,3,4,4,2,2,2012,Catholic,Barack Obama
6,1,4,2,2,1,3,7,1,4,3,5,3,2,4,2012,Other Christian,NA
NA,1,3,1,2,1,1,7,2,4,2,5,4,2,2,2012,Catholic,Barack Obama
NA,1,5,2,2,1,1,6,2,2,2,4,4,3,4,2012,Catholic,NA
6,NA,4,NA,NA,NA,NA,NA,NA,NA,NA,NA,NA,NA,NA,2012,Other Christian,NA
NA,NA,2,NA,NA,NA,NA,NA,NA,NA,NA,NA,NA,NA,NA,2012,Other Christian,NA
NA,1,2,2,1,2,1,6,4,4,3,3,4,3,3,2012,Catholic,Barack Obama
NA,1,5,2,2,3,3,6,4,4,3,5,5,2,4,2012,Other Christian,Barack Obama
NA,1,2,2,1,2,1,6,1,4,4,5,5,2,2,2012,Jewish,Barack Obama
NA,1,2,1,1,2,1,7,4,1,4,4,4,2,2,2012,Catholic,Barack Obama
NA,1,3,1,2,2,1,7,6,4,3,NA,NA,NA,NA,2012,Not Religious,Barack Obama
NA,1,3,2,2,1,1,7,1,6,2,2,4,2,4,2012,Other Religion,Mitt Romney
NA,1,1,2,1,2,1,6,4,1,4,4,5,2,1,2012,Not Religious,Barack Obama
NA,1,4,2,2,2,2,6,3,4,2,4,4,2,4,2012,Catholic,NA
NA,1,4,1,2,2,3,6,4,4,2,4,4,1,4,2012,Not Religious,NA
NA,1,2,2,2,1,1,5,3,2,3,5,3,5,2,2012,Other Religion,NA
NA,NA,3,NA,NA,NA,NA,NA,NA,NA,NA,NA,NA,NA,NA,2012,Other Christian,NA
NA,1,3,1,2,2,1,NA,6,1,3,2,4,4,1,2012,Not Religious,Barack Obama
NA,1,NA,2,2,2,2,6,3,5,1,2,2,NA,4,2012,Catholic,NA
NA,1,2,2,3,1,3,6,2,1,4,3,2,4,4,2012,Other Christian,Barack Obama
NA,1,5,2,2,1,1,7,2,4,1,NA,NA,NA,4,2012,Catholic,NA
NA,NA,4,NA,NA,NA,NA,NA,NA,NA,NA,NA,NA,NA,NA,2012,Not Religious,NA
NA,1,2,2,2,1,1,1,1,4,3,3,2,2,4,2012,Catholic,Barack Obama
NA,1,4,1,1,2,1,4,4,2,3,5,4,2,2,2012,Not Religious,Barack Obama
NA,1,4,NA,1,2,1,4,4,2,3,5,NA,2,2,2012,Not Religious,NA
NA,1,4,2,2,1,1,7,1,2,4,3,4,2,3,2012,Catholic,Barack Obama
NA,1,4,2,2,1,2,5,2,2,2,4,3,2,1,2012,Catholic,Barack Obama
NA,NA,3,NA,NA,NA,NA,NA,NA,NA,NA,NA,NA,NA,NA,2012,Catholic,NA
NA,1,2,3,3,3,3,7,4,1,5,4,2,4,1,2012,Not Religious,NA
NA,1,1,1,1,2,1,6,4,1,5,2,4,3,1,2012,Catholic,NA
NA,1,4,3,3,2,1,4,4,2,2,5,5,2,1,2012,Catholic,Barack Obama
NA,1,3,2,2,1,2,6,4,4,3,4,4,1,2,2012,Evangelical,Barack Obama
NA,1,2,2,2,1,2,7,1,1,3,5,5,3,1,2012,Other Christian,Barack Obama
NA,1,3,2,2,1,2,4,1,4,1,2,1,3,4,2012,Catholic,NA
6,1,3,2,2,1,2,1,1,1,4,1,1,5,4,2012,Catholic,Barack Obama
6,1,4,2,2,1,1,5,4,4,3,5,4,2,3,2012,Catholic,Barack Obama
NA,1,2,2,2,2,2,1,4,1,4,4,4,2,4,2012,Catholic,NA
NA,1,1,1,2,1,1,6,4,4,3,4,5,2,7,2012,Catholic,NA
6,1,4,3,3,3,3,4,4,NA,4,3,5,3,3,2012,Evangelical,Barack Obama
NA,NA,4,NA,NA,NA,NA,NA,NA,NA,NA,NA,NA,NA,NA,2012,Catholic,NA
NA,1,4,1,2,2,2,7,1,1,2,5,5,1,4,2012,Not Religious,NA
0,1,2,2,1,2,1,4,5,NA,2,NA,NA,2,4,2012,Catholic,NA
NA,1,NA,2,2,1,1,3,3,4,3,4,2,2,4,2012,NA,NA
NA,1,2,1,1,2,1,6,3,4,3,4,4,NA,2,2012,Catholic,Barack Obama
NA,1,4,2,2,1,1,6,1,4,2,5,4,2,2,2012,Not Religious,Barack Obama
NA,1,1,3,2,3,3,7,1,NA,1,1,3,5,4,2012,Not Religious,NA
6,1,2,2,2,2,1,4,2,4,2,4,NA,2,4,2012,Other Christian,Barack Obama
6,1,2,2,2,1,2,5,4,2,2,4,4,2,3,2012,Catholic,Barack Obama
NA,1,1,2,2,1,2,6,1,1,3,4,4,2,1,2012,NA,Other
NA,1,4,2,2,3,3,6,5,2,4,4,4,5,1,2012,Catholic,Barack Obama
NA,1,2,2,2,2,2,2,4,4,4,5,4,2,4,2012,Other Christian,NA
NA,1,2,2,2,2,1,4,4,2,3,4,5,2,1,2012,Other Religion,Barack Obama
NA,1,3,3,3,3,3,7,1,1,4,NA,5,2,1,2012,Other Christian,NA
NA,1,2,3,3,3,3,7,1,1,3,4,3,2,1,2012,Catholic,NA
6,1,4,2,2,2,1,6,1,4,2,4,4,2,4,2012,Catholic,Barack Obama
6,1,1,2,2,1,2,4,4,4,4,4,4,2,4,2012,Catholic,Barack Obama
NA,1,1,2,2,3,2,5,2,4,2,4,4,1,4,2012,Other Christian,NA
48,1,5,2,2,1,2,4,NA,1,3,4,4,2,1,2012,Other Christian,Barack Obama
NA,1,1,1,1,1,1,6,1,4,3,4,4,2,1,2012,Other Christian,Mitt Romney
NA,1,3,2,2,1,2,1,3,1,4,2,2,4,4,2012,Catholic,Barack Obama
NA,1,5,2,2,1,2,4,4,4,3,5,4,NA,4,2012,Other Religion,NA
NA,3,2,2,2,1,1,5,4,4,2,3,2,1,4,2012,Not Religious,Mitt Romney
NA,3,4,2,2,1,2,6,5,4,2,2,4,4,4,2012,Catholic,NA
NA,NA,3,NA,NA,NA,NA,NA,NA,NA,NA,NA,NA,NA,NA,2012,Not Religious,NA
NA,NA,3,NA,NA,NA,NA,NA,NA,NA,NA,NA,NA,NA,NA,2012,Catholic,NA
NA,NA,4,NA,NA,NA,NA,NA,NA,NA,NA,NA,NA,NA,NA,2012,Mainline,NA
NA,NA,1,2,2,1,1,5,1,1,5,4,1,4,4,2012,NA,Barack Obama
NA,NA,4,NA,NA,NA,NA,NA,NA,NA,NA,NA,NA,NA,NA,2012,Not Religious,NA
NA,3,2,1,2,2,1,4,4,1,4,4,4,2,1,2012,Other Christian,Barack Obama
NA,NA,4,2,2,2,1,7,1,3,3,4,4,3,2,2012,Not Religious,Other
NA,3,4,2,1,1,1,6,2,4,2,4,4,2,6,2012,Other Christian,Mitt Romney
NA,3,4,2,1,2,1,5,4,3,3,5,4,2,3,2012,Mainline,Mitt Romney
8,3,5,2,2,1,1,5,1,4,2,4,4,2,4,2012,Not Religious,NA
NA,3,2,2,1,1,1,6,3,4,2,3,4,2,4,2012,Other Christian,Mitt Romney
12,3,3,2,2,1,2,5,4,1,5,5,4,2,1,2012,Evangelical,Barack Obama
NA,3,2,3,3,3,3,6,4,4,3,5,NA,2,2,2012,Catholic,Barack Obama
NA,3,3,3,3,3,3,4,4,4,NA,NA,NA,NA,NA,2012,Not Religious,NA
NA,NA,3,NA,NA,NA,NA,NA,NA,NA,NA,NA,NA,NA,NA,2012,Evangelical,NA
NA,3,4,2,1,1,1,4,4,4,3,3,2,4,1,2012,Evangelical,Barack Obama
NA,3,5,2,2,1,1,4,4,4,2,4,4,2,2,2012,Other Christian,Mitt Romney
NA,3,2,1,2,2,2,7,4,5,2,3,4,2,2,2012,Catholic,NA
NA,3,1,2,3,3,3,4,NA,4,3,4,4,2,4,2012,Other Christian,NA
NA,3,3,3,3,3,3,7,4,1,4,4,4,2,4,2012,Evangelical,NA
NA,NA,1,NA,NA,NA,NA,NA,NA,NA,NA,NA,NA,NA,NA,2012,Other Christian,NA
12,3,3,2,3,3,1,4,NA,3,NA,NA,4,2,NA,2012,Evangelical,Barack Obama
NA,3,4,3,3,3,3,4,4,4,3,5,4,2,1,2012,Mainline,Barack Obama
NA,3,3,2,2,1,1,5,3,4,2,3,1,2,4,2012,Other Christian,Barack Obama
NA,3,5,2,1,2,1,6,2,4,3,4,4,2,2,2012,Jewish,Mitt Romney
NA,3,4,3,3,3,3,4,2,NA,1,4,NA,NA,NA,2012,Not Religious,Mitt Romney
NA,NA,2,2,2,2,1,4,4,4,2,4,4,2,4,2012,Catholic,Barack Obama
NA,3,4,2,2,2,1,6,4,4,3,4,4,3,4,2012,Evangelical,Barack Obama
NA,NA,4,2,2,2,1,4,1,4,2,3,4,2,3,2012,Not Religious,NA
12,NA,5,2,2,1,1,7,1,NA,1,4,4,5,2,2012,Catholic,Barack Obama
NA,3,4,2,2,2,3,7,1,3,3,4,4,NA,4,2012,Other Christian,Barack Obama
12,3,4,2,1,2,1,7,1,4,3,5,4,2,2,2012,Not Religious,Barack Obama
NA,NA,2,1,2,1,3,7,1,4,3,4,3,1,4,2012,Mainline,Barack Obama
NA,NA,2,2,2,2,1,7,1,4,2,3,4,2,4,2012,Not Religious,NA
NA,NA,4,2,2,2,1,6,4,1,4,5,2,4,2,2012,Catholic,NA
NA,NA,2,2,2,2,2,3,1,5,1,2,2,1,4,2012,Mainline,NA
NA,NA,4,NA,NA,NA,NA,NA,NA,NA,NA,NA,NA,NA,NA,2012,Other Religion,NA
NA,3,5,2,2,1,2,7,1,6,3,2,3,4,2,2012,Catholic,NA
NA,3,4,2,2,1,2,2,1,4,3,4,4,2,2,2012,Not Religious,NA
NA,3,NA,3,2,3,3,NA,NA,NA,NA,NA,NA,NA,NA,2012,NA,NA
NA,3,2,1,2,2,2,6,1,1,5,2,4,3,3,2012,Catholic,Barack Obama
NA,3,1,2,2,1,2,7,4,4,3,4,4,2,3,2012,Catholic,Barack Obama
NA,3,2,2,2,1,1,7,1,4,1,3,1,2,4,2012,Evangelical,Barack Obama
NA,3,1,2,2,1,2,4,4,2,4,4,2,2,1,2012,Other Christian,Mitt Romney
NA,3,3,1,1,2,1,4,4,6,3,3,3,4,7,2012,Catholic,NA
12,3,4,2,2,1,2,6,3,4,1,4,4,3,4,2012,Not Religious,NA
NA,3,5,2,1,3,3,4,4,2,1,3,2,3,4,2012,Not Religious,Barack Obama
12,3,4,2,2,1,2,7,2,6,2,4,4,2,2,2012,Other Christian,NA
NA,3,2,2,3,3,1,1,1,4,4,4,3,3,4,2012,Mainline,Barack Obama
NA,3,1,2,2,1,1,2,4,4,2,2,5,1,4,2012,Evangelical,Barack Obama
NA,3,1,3,2,1,2,6,4,1,4,2,2,4,4,2012,Mainline,NA
12,3,2,3,2,3,3,4,4,4,3,4,4,2,4,2012,Not Religious,NA
NA,3,1,3,2,1,2,6,1,3,4,3,2,3,2,2012,Not Religious,NA
12,3,2,2,2,1,3,7,1,2,4,4,1,3,2,2012,Other Christian,NA
NA,3,3,2,2,1,2,6,2,4,3,4,3,3,2,2012,Catholic,NA
NA,3,1,2,1,2,2,7,1,2,2,2,3,3,4,2012,Other Christian,NA
NA,3,4,3,2,3,3,6,4,6,3,5,4,2,1,2012,Other Religion,Barack Obama
NA,3,3,2,2,1,2,7,1,1,4,4,2,2,1,2012,Other Christian,Mitt Romney
NA,3,3,3,3,3,3,7,4,2,3,4,2,2,4,2012,Catholic,NA
NA,3,5,2,2,1,3,7,1,1,5,3,1,5,1,2012,Other Christian,NA
NA,3,4,3,1,2,3,4,4,4,4,3,3,1,4,2012,Not Religious,NA
31,3,2,2,2,1,1,4,4,4,3,3,3,2,2,2012,Not Religious,Barack Obama
NA,3,4,2,2,2,2,7,1,4,2,4,3,4,1,2012,Catholic,NA
NA,3,1,3,2,3,3,7,2,4,3,2,2,2,4,2012,Mainline,NA
NA,3,3,3,3,3,3,7,1,4,3,5,2,3,1,2012,Jewish,Barack Obama
NA,3,2,2,1,1,1,6,4,7,2,2,4,2,4,2012,Not Religious,Mitt Romney
NA,NA,4,NA,NA,NA,NA,NA,NA,NA,NA,NA,NA,NA,NA,2012,Other Religion,NA
NA,3,2,2,2,1,2,6,4,4,3,5,3,2,2,2012,Other Christian,Barack Obama
NA,3,4,2,1,1,1,7,2,6,3,NA,4,2,2,2012,Mainline,NA
48,3,2,2,2,1,2,7,6,4,3,2,2,2,4,2012,Mainline,NA
NA,NA,3,NA,NA,NA,NA,NA,NA,NA,NA,NA,NA,NA,NA,2012,Evangelical,NA
NA,3,4,2,1,2,1,5,3,6,2,2,5,2,6,2012,Other Christian,Barack Obama
13,3,4,2,2,2,1,4,4,3,3,3,4,2,3,2012,Catholic,Mitt Romney
NA,3,4,2,2,1,1,6,2,5,3,4,4,2,3,2012,Evangelical,Mitt Romney
NA,3,2,2,1,1,1,6,1,4,3,4,4,3,2,2012,Catholic,Mitt Romney
13,3,2,2,2,1,1,7,1,4,2,3,3,3,2,2012,Other Christian,Mitt Romney
NA,3,4,1,1,2,1,4,4,4,1,2,2,2,4,2012,Not Religious,NA
NA,3,1,2,2,1,1,4,4,4,2,3,4,2,2,2012,Other Christian,Mitt Romney
13,NA,2,2,2,1,1,7,2,4,5,5,2,5,1,2012,Evangelical,NA
NA,NA,2,NA,NA,NA,NA,NA,NA,NA,NA,NA,NA,NA,NA,2012,Evangelical,NA
NA,NA,5,3,3,1,3,4,4,2,3,2,4,2,2,2012,Other Christian,NA
0,NA,4,2,2,2,1,7,1,4,3,3,2,2,3,2012,Not Religious,NA
NA,NA,2,2,2,1,2,6,2,3,4,5,4,2,4,2012,Evangelical,Barack Obama
NA,NA,3,3,3,2,3,4,4,4,2,4,4,2,4,2012,Not Religious,NA
NA,NA,2,2,2,1,3,7,2,1,5,4,2,4,4,2012,Other Christian,NA
NA,NA,2,2,2,1,1,7,2,2,4,4,5,3,1,2012,Other Christian,Barack Obama
NA,NA,5,2,2,1,2,7,5,4,2,4,4,2,7,2012,Evangelical,Barack Obama
NA,NA,5,2,2,1,2,7,4,1,4,3,2,3,4,2012,Evangelical,Barack Obama
NA,NA,1,2,2,1,2,1,4,4,1,2,5,2,2,2012,Evangelical,Barack Obama
13,NA,2,2,2,2,1,5,4,4,2,5,5,3,4,2012,Catholic,NA
NA,NA,2,2,1,1,1,6,4,4,3,3,3,3,4,2012,Not Religious,NA
NA,NA,1,3,2,1,2,7,1,4,3,3,4,2,7,2012,Other Christian,Barack Obama
NA,2,3,3,3,2,3,4,4,1,5,5,5,2,1,2012,Not Religious,Barack Obama
NA,2,3,2,2,1,2,7,7,4,3,2,1,2,4,2012,Catholic,Barack Obama
NA,1,3,2,1,2,1,6,4,4,3,5,5,3,1,2012,Mainline,Barack Obama
17,1,2,1,2,1,1,4,4,2,3,4,4,2,4,2012,Catholic,Barack Obama
NA,1,3,1,1,2,1,5,4,2,3,5,5,2,1,2012,NA,Barack Obama
NA,1,5,2,2,1,1,7,1,1,5,2,2,4,1,2012,Not Religious,Barack Obama
NA,1,3,2,2,1,2,7,1,4,1,2,3,4,4,2012,Evangelical,Mitt Romney
NA,1,3,2,2,1,2,6,4,4,3,5,NA,NA,3,2012,Not Religious,Barack Obama
NA,1,2,2,2,1,1,6,4,4,3,4,4,2,3,2012,Other Christian,Mitt Romney
NA,1,2,2,2,2,1,4,4,6,3,NA,4,2,4,2012,Not Religious,Other
0,1,3,2,2,1,2,7,2,4,1,3,3,NA,4,2012,Evangelical,Barack Obama
NA,NA,4,NA,NA,NA,NA,NA,NA,NA,NA,NA,NA,NA,NA,2012,Catholic,NA
NA,NA,2,NA,NA,NA,NA,NA,NA,NA,NA,NA,NA,NA,NA,2012,Catholic,NA
NA,1,4,1,2,1,2,6,4,4,3,2,2,3,4,2012,Catholic,NA
NA,1,3,2,2,2,2,5,1,4,5,4,3,2,4,2012,Not Religious,Barack Obama
NA,1,1,1,2,1,2,4,4,4,2,4,5,2,4,2012,NA,Barack Obama
0,1,1,2,2,1,2,6,3,2,4,4,4,2,4,2012,Mainline,Barack Obama
NA,NA,5,NA,NA,NA,NA,NA,NA,NA,NA,NA,NA,NA,NA,2012,Catholic,NA
NA,1,2,2,2,1,2,5,2,3,2,4,4,4,2,2012,Catholic,NA
NA,1,2,2,1,2,1,6,2,2,4,5,2,4,1,2012,Mainline,Barack Obama
NA,1,4,2,3,3,1,6,4,4,2,NA,4,2,2,2012,Other Christian,Mitt Romney
NA,1,3,2,1,1,2,7,4,1,3,5,4,3,4,2012,Catholic,NA
NA,1,2,1,2,2,1,4,4,4,2,4,4,2,4,2012,Other Christian,Barack Obama
NA,1,3,2,2,2,1,4,4,4,3,4,4,2,2,2012,Catholic,Mitt Romney
NA,1,3,2,2,1,1,5,5,4,3,4,5,2,4,2012,Other Christian,Mitt Romney
NA,1,3,2,1,1,1,4,4,2,3,5,3,3,2,2012,Other Religion,NA
NA,1,3,2,3,2,1,4,4,1,3,4,5,2,2,2012,Mainline,NA
26,1,5,2,2,1,1,7,1,5,2,4,4,1,4,2012,Not Religious,NA
NA,1,2,2,2,1,1,4,4,3,3,4,5,2,4,2012,Other Christian,NA
NA,1,4,2,2,1,2,4,NA,4,3,4,4,2,4,2012,Other Christian,Barack Obama
NA,NA,2,NA,NA,NA,NA,NA,NA,NA,NA,NA,NA,NA,NA,2012,Evangelical,NA
NA,1,2,1,2,2,2,5,4,1,3,4,4,4,2,2012,Other Christian,NA
NA,1,2,1,2,2,1,6,4,2,2,3,4,3,3,2012,Not Religious,NA
NA,1,3,1,1,2,1,4,4,4,1,3,4,2,4,2012,Mainline,Mitt Romney
NA,1,2,2,1,2,1,7,3,4,4,3,4,2,2,2012,Not Religious,Barack Obama
NA,1,1,2,2,2,2,4,4,4,3,4,4,1,4,2012,Other Christian,Mitt Romney
NA,4,2,2,2,2,1,6,4,2,3,4,4,2,1,2012,Other Christian,Mitt Romney
19,2,1,2,2,1,2,6,2,6,2,3,2,2,4,2012,Catholic,Mitt Romney
NA,4,3,3,2,3,3,5,4,3,3,5,NA,3,4,2012,Catholic,NA
NA,4,5,2,2,2,1,4,4,4,3,4,3,3,1,2012,Mainline,Mitt Romney
NA,4,4,3,3,3,3,4,4,2,3,4,4,2,2,2012,Not Religious,Barack Obama
NA,4,2,2,2,1,2,NA,3,NA,NA,NA,NA,NA,NA,2012,Catholic,Mitt Romney
NA,2,5,2,2,1,1,4,4,5,2,4,3,3,4,2012,Mainline,Other
NA,4,3,2,2,2,2,4,4,4,3,4,4,2,3,2012,Catholic,Barack Obama
NA,2,3,1,2,2,1,6,1,4,2,4,4,2,4,2012,Catholic,Mitt Romney
NA,3,3,1,2,1,2,7,1,4,2,4,2,2,4,2012,Catholic,Barack Obama
NA,3,1,1,1,2,1,4,4,4,2,2,2,2,4,2012,Not Religious,Mitt Romney
NA,3,5,2,2,1,1,7,1,NA,4,2,2,5,1,2012,Not Religious,NA
NA,3,3,2,2,2,2,6,3,3,3,4,4,4,1,2012,Catholic,NA
NA,3,3,2,2,1,1,6,2,4,3,4,3,2,2,2012,Evangelical,NA
NA,3,4,2,2,1,1,6,2,4,3,4,4,2,3,2012,Other Christian,Mitt Romney
NA,3,2,2,2,1,3,7,1,4,2,4,4,2,4,2012,Other Christian,NA
NA,3,5,2,2,1,2,4,4,1,5,4,2,4,1,2012,Not Religious,Barack Obama
20,3,2,2,2,1,1,7,1,4,3,2,4,4,1,2012,Not Religious,Barack Obama
NA,3,4,2,1,2,2,5,4,4,2,4,4,2,4,2012,Other Christian,NA
NA,3,3,2,2,1,2,7,4,1,3,2,3,4,4,2012,Not Religious,NA
NA,3,1,2,2,2,1,4,4,3,NA,5,3,3,4,2012,Not Religious,NA
NA,2,4,2,2,1,2,5,4,2,2,4,4,2,4,2012,Evangelical,Barack Obama
21,2,2,1,1,2,1,4,4,4,3,4,5,3,4,2012,Not Religious,Barack Obama
NA,2,3,3,1,2,1,5,4,3,4,4,4,3,3,2012,Other Christian,Mitt Romney
21,2,2,1,1,2,1,6,4,4,4,3,3,3,2,2012,Mainline,Barack Obama
1,2,3,2,2,1,2,7,2,1,3,2,4,2,4,2012,Evangelical,NA
NA,2,1,2,2,2,2,6,1,4,2,1,2,2,4,2012,Other Christian,Mitt Romney
NA,NA,4,2,2,1,2,7,4,1,4,5,4,5,3,2012,Catholic,Mitt Romney
NA,NA,NA,3,3,3,3,6,4,4,3,3,3,3,2,2012,Evangelical,Barack Obama
NA,NA,5,3,3,3,3,6,4,2,4,4,3,4,1,2012,Other Religion,Barack Obama
NA,NA,3,2,2,1,1,5,3,1,3,4,4,2,1,2012,Other Christian,Barack Obama
22,NA,2,3,3,3,3,4,4,1,5,5,5,5,1,2012,Other Christian,Barack Obama
NA,1,2,3,3,3,3,6,4,4,3,4,4,2,4,2012,Mainline,Barack Obama
NA,1,4,2,3,3,3,7,3,1,2,5,4,2,4,2012,Not Religious,Barack Obama
22,1,1,2,2,1,2,4,3,2,3,5,3,3,2,2012,Evangelical,Barack Obama
NA,1,2,2,2,1,2,7,1,4,3,3,3,4,1,2012,Evangelical,Barack Obama
NA,1,3,2,2,1,1,7,4,4,3,3,3,3,4,2012,Other Religion,Mitt Romney
NA,NA,3,3,3,3,3,6,4,1,4,5,4,4,1,2012,Evangelical,Barack Obama
NA,NA,1,2,2,1,2,6,4,2,4,3,3,5,1,2012,Catholic,Barack Obama
NA,NA,2,NA,NA,NA,NA,NA,NA,NA,NA,NA,NA,NA,NA,2012,Evangelical,NA
NA,NA,3,1,1,1,2,7,4,1,4,3,2,3,4,2012,Evangelical,Barack Obama
22,NA,2,3,3,3,3,6,4,1,5,5,5,2,1,2012,Catholic,Barack Obama
NA,NA,4,3,3,3,3,4,1,1,5,5,2,4,1,2012,Evangelical,Barack Obama
22,NA,2,3,3,3,3,4,4,2,4,5,5,5,1,2012,Catholic,Barack Obama
NA,NA,3,2,2,1,1,4,4,4,3,4,3,2,2,2012,Evangelical,Barack Obama
22,NA,2,2,2,1,2,5,4,1,5,4,4,2,2,2012,Evangelical,Barack Obama
22,NA,2,2,2,1,1,5,2,4,4,4,4,2,1,2012,Other Christian,Barack Obama
22,NA,2,2,2,1,2,7,4,2,5,4,4,2,1,2012,Evangelical,Barack Obama
22,NA,1,3,3,3,3,4,4,1,5,5,5,4,1,2012,Evangelical,NA
NA,1,1,2,2,3,3,6,1,4,3,NA,3,3,4,2012,Evangelical,Barack Obama
NA,1,4,2,3,1,3,4,1,4,4,4,NA,NA,NA,2012,Evangelical,NA
NA,1,2,2,3,1,3,4,1,4,4,4,4,3,2,2012,Evangelical,Barack Obama
NA,1,1,2,2,1,1,7,3,2,3,3,4,3,2,2012,Evangelical,Barack Obama
NA,1,1,2,2,3,3,6,1,3,4,3,3,NA,1,2012,Evangelical,Barack Obama
NA,1,3,3,2,3,3,4,4,NA,4,4,4,3,4,2012,Evangelical,Barack Obama
NA,1,2,2,3,1,3,4,1,4,NA,NA,4,2,1,2012,Mainline,Barack Obama
22,NA,4,1,1,2,1,7,4,1,4,5,5,3,1,2012,Other Christian,NA
NA,NA,5,1,1,1,1,2,4,1,5,4,4,2,2,2012,Evangelical,Barack Obama
22,NA,3,1,2,1,2,6,2,4,3,5,4,4,4,2012,Evangelical,Barack Obama
NA,NA,1,3,3,3,3,4,4,1,3,5,5,4,1,2012,Catholic,Barack Obama
22,NA,2,3,2,1,1,4,1,4,3,4,4,2,4,2012,Catholic,Barack Obama
NA,1,NA,2,2,1,2,7,1,2,3,3,3,3,2,2012,NA,Barack Obama
NA,1,2,2,2,1,1,6,1,1,5,4,4,4,1,2012,Evangelical,Barack Obama
NA,1,3,2,1,1,1,6,2,2,4,4,3,2,2,2012,Catholic,Barack Obama
NA,1,1,2,2,1,2,4,1,2,5,3,4,4,1,2012,Evangelical,Barack Obama
NA,1,3,2,2,1,2,5,1,4,1,5,1,4,4,2012,Evangelical,Barack Obama
NA,1,3,3,3,3,3,4,4,4,2,5,4,2,1,2012,Evangelical,Barack Obama
NA,1,2,3,3,3,3,6,4,2,2,4,4,2,4,2012,Evangelical,Barack Obama
22,1,2,3,2,3,3,1,4,4,2,5,4,5,4,2012,Evangelical,Barack Obama
NA,1,4,2,1,1,2,4,4,2,4,2,2,2,4,2012,Evangelical,NA
NA,1,1,2,1,1,3,5,1,4,4,5,4,3,4,2012,Other Christian,Barack Obama
22,1,2,2,3,1,2,7,1,4,3,3,4,4,1,2012,Mainline,Barack Obama
NA,1,2,1,1,1,2,6,3,4,3,5,4,2,2,2012,Other Christian,Barack Obama
22,NA,1,NA,NA,NA,NA,NA,NA,NA,NA,NA,NA,NA,NA,2012,Other Christian,NA
22,1,1,2,2,1,3,5,3,2,3,4,4,2,2,2012,Other Christian,Barack Obama
NA,NA,2,2,1,1,2,4,4,NA,3,4,4,3,4,2012,Evangelical,Barack Obama
NA,NA,2,1,2,1,1,5,4,4,3,4,4,2,4,2012,Evangelical,NA
NA,3,5,2,2,1,2,4,4,4,2,2,3,4,4,2012,Evangelical,Barack Obama
NA,3,1,2,2,1,2,4,4,1,5,NA,4,4,1,2012,Other Christian,Barack Obama
NA,3,2,2,2,1,2,7,1,4,3,4,5,1,1,2012,Not Religious,Barack Obama
NA,3,2,2,2,1,2,2,1,1,3,4,4,2,1,2012,Catholic,Barack Obama
NA,3,4,2,2,1,2,5,1,1,4,5,2,4,1,2012,Other Christian,Mitt Romney
NA,3,4,1,1,2,1,4,1,2,3,4,4,2,2,2012,Evangelical,Mitt Romney
NA,3,5,2,2,1,2,7,1,1,5,5,5,4,2,2012,Catholic,Mitt Romney
NA,3,3,2,2,1,1,7,1,4,3,2,2,4,4,2012,Evangelical,NA
NA,3,1,2,2,1,2,7,7,4,4,5,5,5,4,2012,Other Religion,NA
NA,3,1,2,2,1,2,6,4,1,5,4,4,2,4,2012,Evangelical,Barack Obama
25,3,3,2,2,2,1,4,4,4,3,NA,NA,NA,4,2012,Black Protestant,Barack Obama
NA,3,3,2,2,1,2,7,1,1,4,2,4,1,2,2012,Catholic,NA
NA,3,1,2,2,1,2,4,4,4,3,2,4,2,4,2012,Not Religious,Barack Obama
NA,3,1,2,2,1,2,7,4,2,3,3,3,2,4,2012,Catholic,Barack Obama
NA,3,2,2,1,1,1,6,4,2,4,4,4,2,4,2012,Evangelical,Barack Obama
NA,3,2,1,2,2,2,5,1,5,2,2,4,4,2,2012,NA,NA
NA,3,4,2,2,1,2,7,4,4,2,4,4,5,4,2012,Catholic,Barack Obama
25,3,5,1,2,2,2,4,4,4,4,3,2,4,4,2012,Not Religious,NA
25,3,2,2,2,1,2,5,1,2,2,2,4,2,1,2012,Catholic,Barack Obama
NA,3,1,1,1,2,2,6,3,4,3,2,3,2,1,2012,Catholic,NA
NA,3,2,2,2,1,2,3,1,4,4,2,1,5,4,2012,Mainline,Barack Obama
NA,1,3,1,2,2,1,7,4,4,4,4,5,2,4,2012,Other Religion,Barack Obama
NA,1,5,1,1,1,1,6,2,4,3,2,4,2,3,2012,Other Religion,NA
NA,1,2,1,2,NA,2,4,1,NA,NA,NA,NA,NA,4,2012,NA,Barack Obama
26,1,2,1,1,2,1,6,4,4,3,5,4,2,4,2012,Mainline,NA
26,1,2,3,1,2,1,4,4,4,2,5,NA,2,3,2012,Not Religious,Barack Obama
26,1,2,2,1,1,1,4,4,4,2,4,4,2,3,2012,Catholic,Mitt Romney
NA,1,2,1,2,2,1,7,1,5,2,4,3,2,4,2012,Catholic,NA
NA,1,2,1,2,3,2,4,4,3,3,5,4,2,4,2012,Jewish,Barack Obama
NA,1,3,1,1,2,1,4,4,4,2,5,5,2,3,2012,Not Religious,Barack Obama
NA,1,3,2,2,1,2,6,4,2,3,3,4,2,4,2012,Catholic,Mitt Romney
NA,NA,4,3,2,3,1,6,1,5,2,5,4,1,4,2012,Evangelical,Mitt Romney
NA,NA,NA,2,2,1,2,NA,NA,4,1,NA,3,NA,4,2012,Not Religious,Mitt Romney
NA,NA,2,2,2,2,1,4,4,4,1,5,4,2,4,2012,Other Christian,NA
NA,NA,4,2,2,3,3,4,1,4,3,3,3,3,2,2012,Not Religious,NA
26,NA,3,1,1,2,1,7,1,1,4,5,2,4,1,2012,Catholic,Mitt Romney
NA,NA,2,2,2,1,2,7,1,1,4,4,4,3,2,2012,Other Christian,NA
NA,NA,2,2,2,1,3,6,4,4,3,4,1,2,4,2012,Catholic,Mitt Romney
26,NA,4,NA,NA,NA,NA,NA,NA,NA,NA,NA,NA,NA,NA,2012,Catholic,NA
NA,NA,5,3,3,3,3,7,1,4,4,4,2,3,3,2012,Catholic,Mitt Romney
NA,1,3,2,2,2,1,7,2,4,3,NA,3,3,3,2012,Other Christian,Barack Obama
NA,1,3,3,2,3,3,7,1,1,5,4,2,3,1,2012,Other Christian,Barack Obama
NA,1,1,3,3,3,3,5,4,2,2,3,4,2,2,2012,Not Religious,Barack Obama
NA,1,3,3,3,3,3,6,2,4,2,4,4,2,2,2012,Catholic,NA
NA,1,4,3,3,3,3,6,1,4,3,4,3,2,2,2012,Catholic,NA
NA,1,1,2,2,1,1,4,4,4,3,4,2,2,1,2012,Catholic,Barack Obama
NA,1,2,3,3,2,3,6,4,4,3,4,2,2,4,2012,Not Religious,Barack Obama
NA,1,1,2,2,1,2,4,4,3,3,4,4,2,3,2012,Mainline,Barack Obama
NA,1,1,3,2,3,3,4,4,1,3,4,3,3,4,2012,Other Religion,Barack Obama
NA,NA,4,1,1,2,1,4,4,4,2,5,5,2,2,2012,Catholic,Barack Obama
NA,NA,2,2,1,2,1,6,4,2,4,4,4,3,2,2012,Not Religious,Barack Obama
NA,NA,2,2,2,2,1,7,4,2,3,5,5,2,1,2012,Catholic,Barack Obama
NA,NA,3,1,1,4,1,7,1,3,5,5,5,2,1,2012,Other Christian,NA
NA,NA,2,2,2,2,1,4,4,1,3,4,3,3,1,2012,Catholic,Mitt Romney
NA,NA,3,2,1,1,1,4,4,2,3,4,4,2,4,2012,Mainline,Barack Obama
NA,NA,2,2,1,2,1,4,6,4,2,4,4,2,4,2012,Catholic,Barack Obama
NA,NA,4,1,1,2,1,NA,4,2,2,5,3,3,2,2012,Other Christian,Barack Obama
NA,NA,1,1,1,2,1,4,4,2,4,5,4,3,2,2012,Catholic,Barack Obama
NA,NA,2,2,2,1,2,7,4,4,2,4,4,2,4,2012,Catholic,Barack Obama
NA,NA,4,2,2,1,3,5,1,4,3,4,5,2,4,2012,Evangelical,Barack Obama
NA,NA,2,2,2,2,1,6,2,2,3,3,2,3,3,2012,Evangelical,Barack Obama
27,NA,1,2,1,2,1,5,4,1,3,4,4,2,1,2012,Not Religious,Other
NA,NA,4,2,2,1,1,4,4,1,3,5,5,2,3,2012,Mainline,Barack Obama
27,NA,3,2,2,1,3,4,4,4,3,5,5,4,1,2012,Evangelical,Barack Obama
NA,NA,4,2,2,1,2,NA,4,1,5,4,4,3,2,2012,Evangelical,NA
27,NA,1,2,2,1,2,5,3,2,4,5,4,3,4,2012,Evangelical,Barack Obama
27,NA,2,2,2,1,3,6,4,4,2,4,4,1,4,2012,Evangelical,Barack Obama
NA,NA,1,2,2,3,2,5,4,1,4,3,4,3,1,2012,Evangelical,NA
NA,NA,2,2,1,1,2,7,4,2,3,4,NA,2,4,2012,Other Christian,NA
NA,NA,1,2,2,1,1,7,1,7,2,2,2,2,4,2012,Evangelical,Mitt Romney
NA,NA,3,2,1,1,1,7,1,NA,3,5,4,2,2,2012,Mainline,Barack Obama
NA,NA,4,2,1,1,1,6,3,4,3,5,5,2,4,2012,Not Religious,NA
NA,NA,1,2,2,1,1,7,1,4,4,5,3,2,6,2012,Mainline,Barack Obama
NA,NA,2,2,2,1,2,4,4,1,5,5,4,2,1,2012,Other Religion,Barack Obama
NA,NA,3,2,1,2,1,6,2,4,3,NA,4,2,1,2012,Catholic,NA
NA,NA,5,2,2,1,1,4,1,4,4,2,4,2,4,2012,Mainline,NA
NA,NA,4,2,2,2,1,4,1,1,3,5,5,2,1,2012,Not Religious,Barack Obama
NA,2,2,2,2,1,2,6,4,4,1,5,3,3,1,2012,Evangelical,NA
28,2,2,2,2,2,1,7,2,4,3,4,4,3,4,2012,Evangelical,Mitt Romney
NA,4,5,2,3,1,3,7,1,4,1,4,2,2,4,2012,Other Christian,Mitt Romney
NA,2,4,2,2,1,2,7,1,4,1,3,1,2,4,2012,Evangelical,Mitt Romney
NA,2,2,2,2,2,2,4,4,4,1,5,5,1,4,2012,Not Religious,NA
NA,2,4,2,2,1,2,6,2,4,3,4,4,2,4,2012,Mainline,Mitt Romney
NA,2,2,2,2,1,2,7,3,4,4,4,4,2,3,2012,Evangelical,NA
NA,NA,1,NA,NA,NA,NA,NA,NA,NA,NA,NA,NA,NA,NA,2012,Evangelical,NA
NA,2,4,2,2,1,2,6,3,3,3,4,4,2,3,2012,Evangelical,Mitt Romney
NA,NA,3,NA,NA,NA,NA,NA,NA,NA,NA,NA,NA,NA,NA,2012,Evangelical,NA
NA,2,2,2,2,2,2,7,1,1,5,3,3,3,3,2012,Evangelical,Barack Obama
29,1,1,2,2,1,2,4,4,4,3,4,2,2,4,2012,Other Christian,Barack Obama
NA,1,4,2,2,2,1,4,1,4,3,5,4,2,3,2012,Evangelical,Mitt Romney
NA,NA,4,NA,NA,NA,NA,NA,NA,NA,NA,NA,NA,NA,NA,2012,Not Religious,NA
NA,1,2,1,1,2,1,7,1,1,4,4,4,NA,1,2012,Other Christian,Barack Obama
NA,1,2,2,2,1,1,7,1,1,5,4,1,2,1,2012,Not Religious,Barack Obama
NA,1,3,2,1,1,2,NA,4,4,2,4,NA,2,4,2012,Other Christian,Barack Obama
NA,1,3,2,2,1,1,7,1,6,2,4,4,2,NA,2012,Evangelical,Mitt Romney
NA,1,2,2,2,1,2,5,4,2,3,4,4,2,4,2012,Other Christian,NA
NA,1,3,2,2,1,3,7,NA,4,2,4,4,NA,4,2012,Evangelical,NA
NA,NA,1,NA,NA,NA,NA,NA,NA,NA,NA,NA,NA,NA,NA,2012,Not Religious,NA
NA,1,4,3,3,3,3,6,1,4,2,4,4,2,4,2012,Evangelical,NA
NA,NA,2,2,2,1,1,4,2,4,3,4,3,3,2,2012,Catholic,Mitt Romney
NA,NA,2,2,2,2,2,7,5,2,1,4,4,2,4,2012,Not Religious,NA
NA,NA,2,2,1,1,1,6,4,2,3,5,4,2,3,2012,Not Religious,NA
NA,NA,2,2,2,1,1,6,1,NA,4,NA,3,3,2,2012,Other Christian,Barack Obama
NA,NA,1,1,2,1,1,2,1,4,3,4,3,3,4,2012,Not Religious,NA
NA,NA,4,2,2,1,1,6,1,2,3,3,3,3,2,2012,Mainline,Mitt Romney
NA,NA,2,2,2,2,1,6,3,3,3,3,4,2,2,2012,Mainline,Mitt Romney
31,NA,2,2,2,1,2,4,4,4,2,5,4,1,4,2012,Mainline,Barack Obama
NA,NA,4,2,2,1,1,7,1,4,2,4,4,2,4,2012,Not Religious,Mitt Romney
NA,NA,3,2,2,1,1,5,2,4,2,5,4,2,3,2012,Evangelical,Mitt Romney
NA,1,3,2,2,1,2,6,1,1,3,2,1,3,1,2012,Catholic,NA
NA,1,4,2,2,1,1,7,1,6,3,4,4,2,4,2012,Catholic,Mitt Romney
32,1,2,2,2,1,1,6,4,4,3,4,4,2,3,2012,Other Christian,Barack Obama
NA,1,3,2,2,1,1,6,2,4,3,4,4,2,2,2012,Other Christian,Barack Obama
NA,1,2,2,1,2,1,7,4,4,2,3,3,2,4,2012,Other Religion,NA
NA,1,4,2,2,1,1,7,4,2,3,4,4,3,4,2012,Catholic,Mitt Romney
NA,2,4,1,1,2,1,6,4,4,2,4,4,2,4,2012,Catholic,NA
NA,NA,2,NA,NA,NA,NA,NA,NA,NA,NA,NA,NA,NA,NA,2012,Catholic,NA
NA,1,5,2,1,2,1,4,4,4,3,4,4,2,2,2012,Catholic,Mitt Romney
NA,1,2,2,2,2,2,3,3,1,5,5,1,3,1,2012,Evangelical,Barack Obama
NA,2,2,2,2,2,2,4,4,2,3,5,4,2,2,2012,Not Religious,Barack Obama
NA,2,4,2,2,1,2,1,1,1,3,5,4,3,1,2012,Evangelical,Mitt Romney
NA,2,2,2,1,1,1,5,NA,NA,3,5,NA,2,2,2012,NA,NA
NA,2,2,1,2,2,1,5,1,2,3,5,4,3,2,2012,Evangelical,Barack Obama
NA,2,4,2,2,2,1,5,1,1,5,5,NA,3,1,2012,Other Christian,NA
NA,1,2,2,2,2,3,4,4,2,2,5,5,2,2,2012,Other Christian,Barack Obama
NA,NA,1,NA,NA,NA,NA,NA,NA,NA,NA,NA,NA,NA,NA,2012,Catholic,NA
NA,1,2,1,1,1,2,6,2,4,4,4,4,3,1,2012,Evangelical,Barack Obama
NA,1,2,2,2,2,3,7,1,2,5,4,4,2,7,2012,Not Religious,Barack Obama
NA,1,4,2,2,1,2,4,4,4,3,5,4,2,4,2012,Evangelical,Barack Obama
NA,2,1,2,2,3,2,7,1,4,4,4,4,2,1,2012,Evangelical,Barack Obama
NA,1,3,2,2,1,2,5,1,4,3,5,2,2,2,2012,Not Religious,NA
NA,1,NA,2,2,1,2,4,1,1,3,5,4,3,7,2012,Black Protestant,Barack Obama
NA,1,3,2,2,1,2,7,1,1,5,4,4,2,4,2012,Evangelical,Mitt Romney
NA,1,1,2,2,1,2,6,4,3,3,4,4,2,1,2012,Evangelical,Barack Obama
NA,2,3,2,2,1,2,6,4,2,4,5,4,2,5,2012,Catholic,Barack Obama
NA,1,1,2,2,2,3,NA,4,2,3,4,4,2,1,2012,Catholic,Barack Obama
NA,1,3,1,1,2,1,4,4,4,3,NA,5,2,4,2012,NA,NA
36,1,2,2,1,2,1,6,4,4,3,4,5,2,4,2012,Catholic,Barack Obama
NA,1,4,3,3,3,3,7,4,2,3,2,4,3,4,2012,Not Religious,Barack Obama
NA,1,2,2,2,1,1,7,2,2,4,5,4,2,2,2012,Catholic,NA
NA,1,2,1,1,2,2,4,4,3,4,2,3,5,6,2012,Mainline,Barack Obama
NA,1,3,2,2,2,1,4,4,2,2,4,4,2,4,2012,Catholic,NA
NA,1,4,2,2,1,1,6,1,4,3,4,3,2,2,2012,Mainline,Mitt Romney
NA,1,3,3,1,2,3,6,NA,4,2,4,4,2,4,2012,Not Religious,Mitt Romney
36,NA,3,NA,NA,NA,NA,NA,NA,NA,NA,NA,NA,NA,NA,2012,Not Religious,NA
36,1,3,2,2,2,1,4,4,4,4,5,4,4,1,2012,Other Christian,Barack Obama
36,1,1,2,1,1,1,6,4,3,3,5,4,2,2,2012,Catholic,NA
NA,4,5,2,NA,NA,1,NA,4,4,NA,NA,NA,NA,3,2012,Catholic,Barack Obama
NA,4,3,2,2,1,1,6,4,6,2,4,4,2,4,2012,Not Religious,Mitt Romney
NA,4,2,NA,3,3,1,4,NA,NA,4,5,NA,NA,1,2012,Other Religion,Barack Obama
36,4,1,3,2,1,3,6,3,3,3,4,4,2,3,2012,Evangelical,Barack Obama
NA,4,5,1,1,2,1,5,4,3,3,3,2,2,3,2012,Not Religious,NA
NA,4,NA,1,1,2,1,4,4,2,4,4,5,2,2,2012,Not Religious,NA
NA,4,4,1,2,1,2,5,2,1,3,4,4,2,3,2012,Other Christian,Barack Obama
NA,4,5,2,2,3,2,6,2,NA,2,4,4,NA,4,2012,Catholic,NA
NA,4,2,2,1,2,1,7,1,4,2,4,3,3,1,2012,Other Christian,Mitt Romney
NA,NA,4,1,1,2,1,5,2,1,3,4,4,3,2,2012,NA,Barack Obama
NA,NA,2,2,1,2,1,7,4,4,2,3,4,2,3,2012,Jewish,Mitt Romney
36,NA,2,2,1,1,1,4,4,4,3,4,5,2,3,2012,Mainline,Mitt Romney
NA,NA,2,3,1,2,1,4,4,4,3,4,5,2,5,2012,Other Religion,Barack Obama
NA,4,1,2,2,2,3,6,4,4,2,4,NA,3,4,2012,Other Religion,NA
NA,4,4,1,2,2,1,6,4,6,2,3,NA,1,4,2012,Not Religious,Barack Obama
NA,4,4,1,2,3,1,6,2,4,2,4,4,2,4,2012,Catholic,NA
NA,4,2,2,2,1,2,7,1,4,2,4,4,2,2,2012,Evangelical,NA
NA,4,1,2,1,2,1,4,4,NA,NA,NA,NA,2,2,2012,Evangelical,NA
NA,4,2,2,2,NA,2,NA,NA,NA,NA,NA,NA,NA,4,2012,NA,NA
NA,4,1,3,2,3,3,4,4,1,NA,5,4,3,4,2012,Not Religious,Barack Obama
NA,4,2,2,2,1,1,7,2,NA,4,2,3,3,4,2012,Evangelical,NA
NA,NA,4,2,1,3,3,6,4,4,3,3,4,2,4,2012,Other Religion,Barack Obama
NA,NA,4,2,2,1,2,6,4,4,3,5,4,2,4,2012,Catholic,NA
NA,NA,4,NA,2,NA,2,NA,4,2,4,NA,NA,NA,4,2012,Not Religious,Barack Obama
NA,NA,4,1,1,2,1,6,4,2,3,4,4,2,2,2012,NA,Barack Obama
34,NA,4,3,3,2,1,7,4,4,3,4,2,2,2,2012,Not Religious,NA
NA,NA,2,2,2,2,1,6,4,2,3,NA,5,2,2,2012,NA,Barack Obama
NA,NA,4,2,2,2,2,7,2,2,2,4,5,2,4,2012,Other Religion,Mitt Romney
37,NA,3,2,2,1,2,4,4,2,4,5,3,2,3,2012,Black Protestant,Barack Obama
37,NA,2,1,2,2,1,6,4,2,4,4,4,3,2,2012,Not Religious,Barack Obama
NA,1,2,2,1,1,2,5,2,2,3,4,2,4,2,2012,Other Christian,Barack Obama
NA,1,1,2,2,1,1,4,4,1,4,3,3,3,2,2012,Catholic,Mitt Romney
NA,1,1,2,2,1,1,7,4,4,3,5,5,2,4,2012,Evangelical,NA
NA,4,5,3,3,3,3,6,4,6,3,4,3,2,3,2012,Mainline,Barack Obama
NA,1,1,2,2,1,2,3,1,4,3,3,2,4,4,2012,Black Protestant,Barack Obama
NA,4,1,2,3,3,3,4,5,1,5,5,4,3,1,2012,Other Christian,Barack Obama
NA,4,1,3,3,3,3,6,6,4,3,4,NA,2,2,2012,Other Christian,Barack Obama
NA,4,2,2,2,1,2,7,1,1,5,4,4,3,4,2012,Other Christian,Barack Obama
NA,4,4,2,2,1,1,7,NA,4,5,2,4,3,4,2012,Evangelical,NA
37,4,2,2,2,1,2,5,2,2,3,4,3,2,4,2012,Mainline,Barack Obama
NA,4,4,2,2,1,1,6,2,2,2,4,3,2,2,2012,Mainline,Barack Obama
NA,4,2,3,3,3,3,4,4,2,3,4,4,2,2,2012,Other Christian,Barack Obama
NA,1,2,2,1,1,2,4,4,1,3,4,4,4,2,2012,Evangelical,Barack Obama
NA,1,1,2,2,1,2,4,4,4,3,2,4,3,1,2012,Evangelical,Barack Obama
NA,1,2,2,2,1,3,6,4,1,5,5,5,4,2,2012,Evangelical,Barack Obama
NA,1,4,2,2,3,3,6,2,3,3,4,2,3,4,2012,Other Religion,NA
NA,1,2,2,2,1,2,7,1,1,5,4,4,2,2,2012,Evangelical,NA
NA,NA,2,NA,NA,NA,NA,NA,NA,NA,NA,NA,NA,NA,NA,2012,Mainline,NA
NA,1,1,2,2,1,2,7,1,1,5,5,4,2,1,2012,Evangelical,NA
NA,1,2,1,2,1,2,2,1,1,4,3,4,4,3,2012,Evangelical,Barack Obama
NA,1,1,2,2,1,2,6,1,1,2,4,4,2,3,2012,Evangelical,Barack Obama
NA,1,2,2,2,1,2,7,1,1,4,2,4,3,7,2012,Evangelical,NA
NA,1,3,2,1,2,1,4,4,4,3,5,4,4,2,2012,Evangelical,Barack Obama
NA,1,2,2,2,1,1,7,4,4,4,5,3,3,2,2012,Mainline,Barack Obama
NA,1,2,2,2,1,2,7,1,4,2,4,3,4,1,2012,Evangelical,Barack Obama
NA,1,4,1,2,2,1,7,1,1,2,4,4,2,1,2012,Not Religious,NA
38,1,2,2,2,1,1,6,6,2,5,4,4,4,3,2012,Evangelical,Barack Obama
NA,1,2,3,2,2,1,2,6,4,3,4,4,2,4,2012,Mainline,Barack Obama
NA,1,4,3,2,1,2,7,7,1,4,4,2,5,1,2012,Evangelical,Barack Obama
37,1,1,2,2,1,2,7,1,1,4,4,3,5,4,2012,Evangelical,Barack Obama
NA,1,2,2,2,2,2,6,2,1,3,4,2,4,4,2012,Evangelical,Barack Obama
37,1,1,2,2,1,1,6,4,4,2,4,4,2,4,2012,Evangelical,Barack Obama
37,1,4,2,2,2,2,4,4,4,2,5,5,2,4,2012,Evangelical,Barack Obama
NA,4,2,3,3,3,3,7,1,1,4,5,4,3,1,2012,Evangelical,Barack Obama
NA,4,1,2,2,1,2,4,7,1,3,4,5,1,1,2012,Evangelical,NA
NA,4,4,3,3,3,3,7,2,1,3,4,4,4,1,2012,Mainline,Barack Obama
NA,4,2,2,2,1,2,5,4,4,1,2,4,3,4,2012,NA,Barack Obama
NA,4,2,2,2,1,2,6,1,2,3,5,4,4,1,2012,Other Christian,Barack Obama
NA,4,1,1,2,1,2,6,3,4,2,3,4,1,4,2012,Evangelical,Barack Obama
NA,4,2,2,2,1,2,7,1,1,4,1,3,2,1,2012,Other Christian,Barack Obama
NA,4,2,2,2,2,1,6,5,2,4,2,3,4,4,2012,Evangelical,Barack Obama
NA,NA,1,NA,NA,NA,NA,NA,NA,NA,NA,NA,NA,NA,NA,2012,Evangelical,NA
NA,4,3,2,2,1,2,6,4,4,2,4,4,2,4,2012,Evangelical,Barack Obama
NA,4,2,2,2,1,1,7,4,4,3,4,4,2,1,2012,Evangelical,Barack Obama
NA,4,2,2,2,1,2,5,4,4,3,4,4,3,4,2012,Evangelical,Barack Obama
NA,4,1,2,2,3,3,4,2,4,4,2,2,4,2,2012,Evangelical,Barack Obama
NA,4,1,2,3,3,3,4,4,1,3,4,4,4,2,2012,Evangelical,Barack Obama
NA,1,1,2,2,1,1,7,3,1,2,4,4,2,7,2012,Not Religious,NA
NA,1,2,2,2,1,2,4,2,6,3,3,2,2,3,2012,Other Christian,NA
NA,NA,5,NA,NA,NA,NA,NA,NA,NA,NA,NA,NA,NA,NA,2012,Evangelical,NA
NA,4,1,2,1,1,1,4,4,2,4,3,4,2,2,2012,Evangelical,Barack Obama
NA,4,5,3,3,3,3,6,4,6,2,3,4,3,2,2012,Evangelical,Mitt Romney
NA,4,2,3,3,3,3,6,2,2,4,5,4,4,1,2012,Other Religion,Barack Obama
NA,1,4,2,2,2,1,4,2,4,2,4,4,2,3,2012,Catholic,Mitt Romney
NA,1,1,2,2,1,1,4,4,4,2,3,4,2,1,2012,Catholic,Mitt Romney
NA,1,2,2,2,1,1,4,4,4,2,4,3,2,4,2012,Evangelical,Barack Obama
NA,1,3,2,2,NA,3,7,1,3,4,NA,4,2,4,2012,Catholic,Mitt Romney
39,1,1,2,2,1,1,5,2,4,2,4,4,2,3,2012,Mainline,Mitt Romney
NA,1,4,1,2,1,1,7,4,4,1,5,4,2,4,2012,Catholic,Barack Obama
NA,1,2,2,2,2,1,4,4,1,3,5,2,3,2,2012,Catholic,Barack Obama
NA,1,4,2,3,1,2,6,1,4,3,4,5,2,2,2012,Evangelical,NA
NA,1,2,2,2,1,2,4,4,4,2,3,2,2,3,2012,Not Religious,NA
NA,1,3,2,3,3,2,6,NA,6,3,4,4,2,4,2012,Not Religious,Other
39,1,1,2,2,1,2,4,3,4,2,4,4,2,3,2012,Catholic,NA
NA,1,2,2,2,1,2,4,4,2,3,4,4,2,3,2012,Catholic,Mitt Romney
39,3,2,2,1,1,1,4,4,4,3,4,4,3,3,2012,Not Religious,NA
NA,3,3,3,2,1,3,4,4,4,3,2,3,2,4,2012,Evangelical,NA
NA,3,3,3,3,1,3,7,1,5,2,2,2,2,4,2012,Mainline,NA
NA,3,2,2,3,3,3,5,4,2,3,5,4,2,4,2012,Not Religious,Barack Obama
NA,3,4,3,2,3,3,7,1,4,2,5,5,2,4,2012,Other Christian,Barack Obama
NA,3,3,3,2,3,1,7,1,4,2,4,2,1,4,2012,Evangelical,NA
NA,3,2,2,2,2,1,4,1,4,2,3,4,1,4,2012,Evangelical,Other
NA,3,4,2,2,1,3,7,4,4,2,4,3,2,4,2012,Evangelical,Mitt Romney
NA,3,3,3,1,3,1,6,2,4,3,5,4,2,3,2012,Catholic,Barack Obama
39,3,4,3,3,3,3,7,1,2,2,4,3,3,2,2012,Not Religious,Barack Obama
NA,3,4,3,2,3,3,4,4,2,3,4,4,2,2,2012,Mainline,Mitt Romney
39,NA,3,2,2,2,1,7,4,1,3,4,1,4,4,2012,Other Christian,Other
NA,NA,4,2,3,2,2,4,4,2,3,NA,NA,2,4,2012,Mainline,NA
NA,NA,2,2,3,1,3,NA,NA,NA,NA,NA,NA,NA,NA,2012,Not Religious,NA
NA,NA,3,2,2,1,3,6,4,4,1,2,NA,2,4,2012,Not Religious,NA
NA,NA,2,1,2,2,1,4,4,4,2,4,4,1,4,2012,Not Religious,Barack Obama
NA,NA,3,2,2,1,1,6,1,4,2,1,4,2,4,2012,Not Religious,Mitt Romney
NA,NA,4,2,1,2,1,4,1,1,3,5,4,2,1,2012,Catholic,Barack Obama
NA,NA,4,NA,NA,NA,NA,NA,NA,NA,NA,NA,NA,NA,NA,2012,Not Religious,NA
NA,NA,1,3,2,1,3,6,4,4,3,4,4,3,3,2012,Evangelical,Barack Obama
NA,NA,2,2,2,2,1,4,4,4,3,4,3,3,2,2012,Mainline,Mitt Romney
NA,NA,2,3,2,1,2,4,4,4,2,NA,4,2,4,2012,Not Religious,Barack Obama
NA,NA,3,3,3,3,3,4,NA,NA,NA,NA,NA,NA,NA,2012,Other Christian,NA
NA,NA,4,3,3,3,3,7,1,1,5,5,4,4,1,2012,Evangelical,Mitt Romney
NA,1,4,2,2,1,1,4,4,1,3,5,1,5,1,2012,Evangelical,NA
NA,1,1,2,2,1,2,5,4,4,1,4,4,2,4,2012,Other Christian,Mitt Romney
NA,1,3,2,2,1,2,6,4,4,2,2,1,2,4,2012,Mainline,NA
NA,1,4,2,2,1,1,1,4,4,2,4,4,2,1,2012,Evangelical,Mitt Romney
NA,1,5,2,2,1,1,6,4,2,3,4,NA,2,2,2012,Evangelical,Mitt Romney
NA,1,5,2,2,1,2,6,1,4,2,2,4,3,2,2012,Catholic,Mitt Romney
NA,1,2,3,2,3,3,6,2,4,3,4,4,1,3,2012,Evangelical,Mitt Romney
NA,1,5,2,2,2,2,7,3,4,3,4,3,2,4,2012,Other Religion,Barack Obama
NA,1,2,2,1,2,1,5,4,4,2,2,4,2,4,2012,Not Religious,Mitt Romney
NA,1,4,2,2,1,2,7,1,4,3,3,3,3,3,2012,Evangelical,NA
NA,1,5,2,1,1,2,4,1,4,3,4,3,3,2,2012,Other Christian,Mitt Romney
NA,1,4,2,2,1,2,6,1,5,2,3,2,2,3,2012,Not Religious,Mitt Romney
NA,1,1,2,2,1,3,6,4,4,2,2,3,2,7,2012,Other Christian,Barack Obama
NA,1,2,2,2,1,1,7,1,2,3,4,2,3,1,2012,Not Religious,NA
NA,1,1,1,1,2,1,6,4,4,3,4,3,2,4,2012,Other Christian,NA
NA,1,1,2,2,1,2,6,4,4,3,2,4,2,4,2012,Other Christian,NA
12,3,3,2,2,1,1,4,4,4,2,5,2,2,4,2012,Not Religious,NA
13,3,2,1,1,2,1,4,4,4,3,4,4,3,2,2012,Not Religious,Barack Obama
NA,1,3,2,2,3,3,4,1,NA,2,NA,4,2,4,2012,Other Christian,Mitt Romney
NA,3,2,2,2,1,2,6,4,4,2,3,3,3,1,2012,Evangelical,NA
NA,1,4,3,2,2,3,7,1,1,4,4,3,2,2,2012,Catholic,NA
NA,1,4,2,2,1,1,6,3,5,2,2,2,2,4,2012,Other Christian,NA
NA,3,2,2,1,2,1,6,1,2,3,4,4,3,4,2012,Not Religious,Barack Obama
NA,3,1,2,2,2,1,6,4,4,2,4,1,3,3,2012,Not Religious,NA
NA,1,5,2,2,1,1,7,4,4,3,4,4,3,4,2012,Not Religious,NA
NA,1,4,1,2,1,1,4,1,1,5,2,1,4,1,2012,Other Christian,Barack Obama
NA,1,2,2,2,2,1,6,4,1,5,4,1,3,4,2012,Not Religious,Barack Obama
42,1,2,2,2,1,2,5,4,4,3,5,1,2,4,2012,Evangelical,Barack Obama
NA,1,2,2,2,1,2,6,4,1,5,4,4,2,1,2012,Evangelical,Barack Obama
NA,NA,2,NA,NA,NA,NA,NA,NA,NA,NA,NA,NA,NA,NA,2012,Other Christian,NA
NA,1,1,2,2,1,1,4,4,3,2,4,3,2,1,2012,Other Christian,Barack Obama
NA,1,2,1,2,1,1,4,4,4,3,4,4,2,4,2012,Mainline,Barack Obama
NA,1,2,2,2,2,2,4,4,1,5,4,4,5,2,2012,Evangelical,Barack Obama
NA,NA,2,NA,NA,NA,NA,NA,NA,NA,NA,NA,NA,NA,NA,2012,Not Religious,NA
NA,1,4,2,2,1,1,4,4,2,3,5,4,3,1,2012,Evangelical,Barack Obama
42,1,2,1,2,1,3,7,4,4,2,4,4,2,4,2012,Not Religious,Barack Obama
NA,1,3,2,2,1,2,7,2,4,4,4,4,2,3,2012,Mainline,Barack Obama
NA,1,4,3,3,3,3,4,2,1,3,2,4,4,6,2012,Other Christian,Barack Obama
NA,1,2,2,2,2,2,4,4,4,1,4,1,1,4,2012,Other Christian,Barack Obama
NA,1,1,2,2,2,1,6,4,2,3,4,4,2,3,2012,Other Christian,NA
NA,1,2,2,2,1,2,5,4,4,3,4,4,3,4,2012,Mainline,Barack Obama
42,1,4,2,2,1,2,7,1,4,3,4,4,2,1,2012,Other Christian,Barack Obama
NA,1,2,2,2,1,2,7,4,1,3,4,3,2,1,2012,Evangelical,Barack Obama
NA,1,2,2,2,1,2,6,4,1,3,4,NA,NA,4,2012,Mainline,Barack Obama
NA,1,2,2,2,1,2,6,2,4,3,5,5,2,2,2012,NA,Barack Obama
NA,1,3,2,2,2,1,4,4,2,4,5,4,2,4,2012,Other Christian,Barack Obama
NA,1,4,2,2,1,2,4,4,1,4,3,4,4,3,2012,Not Religious,Barack Obama
NA,1,3,2,2,1,1,6,1,3,4,4,4,2,4,2012,Other Christian,Barack Obama
NA,1,4,2,2,1,2,6,4,2,3,4,4,2,1,2012,Mainline,Barack Obama
NA,1,2,2,2,1,1,5,1,1,4,5,5,4,3,2012,Other Christian,Barack Obama
42,1,5,2,2,2,1,4,4,3,3,4,4,NA,6,2012,Black Protestant,Barack Obama
NA,1,4,2,2,2,2,7,1,1,NA,NA,4,2,4,2012,Not Religious,Barack Obama
NA,1,2,2,1,1,1,4,4,4,3,4,3,2,4,2012,Evangelical,Barack Obama
NA,1,2,1,1,2,1,4,4,1,5,4,5,2,1,2012,Other Christian,Barack Obama
42,1,4,2,2,1,1,6,4,2,4,5,4,3,1,2012,Other Religion,Barack Obama
NA,1,5,2,2,1,3,6,4,4,5,4,4,3,5,2012,Other Christian,Barack Obama
NA,1,3,2,2,1,3,4,4,4,3,4,4,2,7,2012,Evangelical,Barack Obama
NA,1,4,2,1,2,1,4,2,2,3,5,2,4,2,2012,Other Christian,Barack Obama
42,1,1,2,2,1,1,4,4,3,3,4,4,2,3,2012,Evangelical,Barack Obama
NA,NA,2,NA,NA,NA,NA,NA,NA,NA,NA,NA,NA,NA,NA,2012,Evangelical,NA
NA,1,2,2,2,1,2,7,1,2,4,4,2,4,1,2012,Evangelical,Barack Obama
NA,1,2,2,2,3,1,4,4,2,4,4,4,3,2,2012,Not Religious,Barack Obama
NA,NA,3,NA,NA,NA,NA,NA,NA,NA,NA,NA,NA,NA,NA,2012,Black Protestant,NA
45,3,1,2,2,1,2,4,4,1,5,2,4,3,3,2012,Mainline,Barack Obama
NA,1,2,3,3,2,3,4,7,4,3,5,NA,3,5,2012,Catholic,Barack Obama
NA,1,3,2,2,3,3,6,1,4,2,4,4,NA,4,2012,Not Religious,Mitt Romney
NA,1,5,3,3,3,2,7,1,1,4,5,2,4,1,2012,Other Christian,NA
12,NA,2,NA,NA,NA,NA,NA,NA,NA,NA,NA,NA,NA,NA,2012,Evangelical,NA
NA,1,3,2,2,1,2,6,4,2,2,4,NA,NA,4,2012,Mainline,NA
NA,1,1,2,2,1,1,NA,4,NA,4,4,4,2,NA,2012,Evangelical,Barack Obama
NA,NA,1,NA,NA,NA,NA,NA,NA,NA,NA,NA,NA,NA,NA,2012,Black Protestant,NA
NA,3,5,1,2,1,1,5,1,1,3,3,1,3,1,2012,Other Christian,NA
NA,1,2,3,2,3,3,6,1,1,4,4,4,2,2,2012,Black Protestant,Barack Obama
45,1,2,3,3,1,3,6,4,1,4,5,4,2,1,2012,Evangelical,NA
NA,3,2,1,2,1,2,4,4,2,4,3,3,4,2,2012,Evangelical,NA
37,3,3,3,3,1,3,4,4,5,5,4,4,2,4,2012,Other Christian,Barack Obama
NA,1,2,2,2,1,2,6,1,4,2,2,2,4,1,2012,Evangelical,Barack Obama
NA,3,2,2,2,1,1,6,4,3,3,4,4,4,1,2012,Evangelical,Barack Obama
NA,1,1,2,2,1,2,7,1,1,1,3,3,4,2,2012,Mainline,Barack Obama
45,1,3,2,2,2,1,6,4,1,4,4,2,3,1,2012,Other Christian,Barack Obama
NA,3,1,1,1,2,1,4,4,1,5,5,5,4,1,2012,Mainline,Barack Obama
NA,3,4,2,2,1,2,7,4,4,3,4,2,3,1,2012,Mainline,Barack Obama
NA,3,1,2,2,1,2,4,4,4,2,4,4,2,4,2012,Evangelical,Barack Obama
45,3,5,1,2,1,1,6,1,2,3,5,4,2,3,2012,Other Christian,Barack Obama
NA,1,3,2,2,1,2,6,4,4,3,4,4,4,4,2012,Evangelical,Barack Obama
45,1,3,1,2,1,2,4,4,1,3,NA,3,NA,2,2012,Not Religious,NA
NA,1,3,2,2,3,3,4,4,1,2,5,4,3,3,2012,Evangelical,NA
45,1,4,2,2,1,2,1,4,1,3,5,2,4,1,2012,Catholic,Barack Obama
NA,1,2,2,2,NA,2,5,4,4,NA,4,1,3,7,2012,Evangelical,NA
NA,1,3,2,2,2,1,6,4,3,2,5,5,2,2,2012,Evangelical,Barack Obama
45,1,4,2,2,1,2,7,4,1,3,4,4,4,7,2012,Evangelical,Barack Obama
NA,1,2,2,2,1,2,7,2,4,4,2,2,3,4,2012,Evangelical,Barack Obama
NA,3,2,2,2,2,1,6,4,1,4,NA,NA,4,2,2012,Catholic,Barack Obama
NA,3,1,2,2,NA,NA,7,4,NA,3,NA,NA,NA,NA,2012,Evangelical,Barack Obama
NA,1,2,2,2,1,1,4,4,1,4,5,4,2,NA,2012,Not Religious,NA
NA,1,2,2,2,1,2,7,1,1,2,4,3,3,4,2012,Evangelical,Barack Obama
45,NA,1,NA,NA,NA,NA,NA,NA,NA,NA,NA,NA,NA,NA,2012,Mainline,NA
NA,1,1,2,2,1,3,4,4,1,3,2,4,2,5,2012,Evangelical,Barack Obama
NA,1,2,2,2,1,3,7,4,4,2,5,5,2,2,2012,Other Christian,Barack Obama
NA,1,1,2,2,1,2,4,NA,NA,NA,NA,NA,5,4,2012,Evangelical,NA
45,3,3,1,2,1,2,5,4,1,3,4,4,3,4,2012,Evangelical,Barack Obama
NA,3,4,2,2,1,2,4,4,2,4,NA,3,2,3,2012,Evangelical,Barack Obama
NA,3,3,2,2,1,2,5,1,2,3,3,2,4,2,2012,Black Protestant,Barack Obama
NA,3,2,2,2,1,2,7,4,1,5,2,2,5,4,2012,Evangelical,Barack Obama
NA,3,1,2,2,1,2,4,1,1,5,2,1,2,1,2012,Other Christian,Barack Obama
NA,1,1,3,3,2,3,4,4,2,3,4,4,3,2,2012,Black Protestant,Barack Obama
NA,1,3,2,2,1,3,5,1,4,3,5,3,2,1,2012,Black Protestant,NA
45,3,1,2,2,1,1,6,5,1,5,5,4,3,1,2012,Other Christian,Barack Obama
NA,NA,4,NA,NA,NA,NA,NA,NA,NA,NA,NA,NA,NA,NA,2012,Evangelical,NA
NA,4,2,1,1,2,1,5,4,7,2,4,4,2,2,2012,Not Religious,Mitt Romney
47,4,3,2,2,1,3,4,4,4,2,4,4,3,1,2012,Evangelical,Mitt Romney
NA,4,3,1,1,2,1,6,1,7,2,4,NA,2,4,2012,Catholic,Mitt Romney
NA,4,2,2,2,2,1,6,4,3,3,4,3,3,5,2012,Catholic,Barack Obama
NA,4,4,2,1,3,3,5,4,7,3,4,4,NA,NA,2012,Evangelical,Mitt Romney
NA,4,3,2,3,2,3,6,NA,4,3,4,4,2,2,2012,Mainline,Mitt Romney
NA,4,4,2,2,1,1,6,4,2,3,4,4,2,1,2012,Evangelical,Mitt Romney
NA,4,2,3,3,3,3,4,4,4,2,4,4,2,4,2012,Catholic,Other
NA,4,5,2,2,2,1,7,3,1,2,4,4,2,1,2012,Catholic,Mitt Romney
NA,3,2,1,1,2,1,4,4,4,2,5,5,2,3,2012,Evangelical,Mitt Romney
NA,3,2,2,1,2,1,6,2,4,3,4,4,2,2,2012,Other Christian,Barack Obama
NA,3,2,2,2,1,1,7,2,7,2,2,2,2,4,2012,Catholic,NA
NA,3,4,2,2,2,1,5,7,1,5,5,2,4,1,2012,Evangelical,Mitt Romney
48,3,3,1,1,2,1,4,4,2,3,4,4,2,2,2012,Not Religious,Mitt Romney
NA,3,4,1,1,2,1,6,4,6,2,4,4,2,4,2012,Evangelical,Mitt Romney
NA,3,3,2,1,2,1,4,4,3,3,NA,NA,NA,1,2012,Evangelical,Barack Obama
NA,3,4,2,2,1,2,4,1,4,2,4,4,2,3,2012,Mainline,Mitt Romney
NA,4,1,3,2,3,3,4,4,4,3,5,4,2,2,2012,Other Religion,Barack Obama
NA,3,1,3,2,3,2,6,4,4,3,4,2,3,2,2012,Other Christian,Mitt Romney
NA,4,4,2,2,2,1,4,NA,4,2,4,4,2,3,2012,Not Religious,Mitt Romney
48,4,2,2,2,1,2,6,2,4,NA,NA,1,NA,2,2012,Catholic,Mitt Romney
NA,4,1,1,1,2,1,6,4,4,3,4,4,2,4,2012,Not Religious,NA
NA,4,3,2,1,1,1,4,4,1,3,3,2,3,4,2012,Catholic,Barack Obama
NA,NA,2,NA,NA,NA,NA,NA,NA,NA,NA,NA,NA,NA,NA,2012,Other Christian,NA
NA,3,4,2,2,1,3,4,4,4,3,3,5,2,4,2012,Catholic,Barack Obama
NA,3,2,2,2,1,2,7,1,1,5,5,2,4,1,2012,Catholic,NA
48,NA,1,NA,NA,NA,NA,NA,NA,NA,NA,NA,NA,NA,NA,2012,NA,NA
NA,3,3,2,3,1,3,7,1,1,5,5,4,4,1,2012,Other Christian,Mitt Romney
NA,4,1,2,1,1,2,4,4,4,2,5,3,3,4,2012,Catholic,NA
48,2,2,2,2,1,2,6,3,7,5,2,2,4,4,2012,Evangelical,NA
NA,2,4,2,2,1,2,6,2,4,NA,5,3,1,4,2012,Other Christian,Barack Obama
NA,2,3,3,3,3,3,NA,NA,1,3,4,NA,2,1,2012,Catholic,Barack Obama
NA,NA,2,NA,NA,NA,NA,NA,NA,NA,NA,NA,NA,NA,NA,2012,Not Religious,NA
NA,2,1,2,2,1,2,2,4,4,3,4,2,2,3,2012,Evangelical,Barack Obama
NA,3,1,2,2,2,2,6,1,1,5,4,2,2,7,2012,Evangelical,NA
NA,2,3,2,2,1,3,4,5,1,3,4,3,2,5,2012,Other Christian,NA
48,2,2,2,2,1,2,4,1,4,5,2,2,4,2,2012,Mainline,Barack Obama
NA,2,4,2,1,2,2,6,1,4,NA,NA,NA,NA,2,2012,Not Religious,Barack Obama
48,2,2,2,2,2,2,7,3,1,4,4,4,3,2,2012,Evangelical,NA
NA,3,1,1,2,1,2,1,1,1,4,5,4,5,1,2012,Evangelical,Barack Obama
NA,3,5,2,2,1,1,6,4,3,4,4,4,3,2,2012,Mainline,Barack Obama
NA,3,1,2,2,1,1,5,1,4,3,5,3,3,4,2012,Evangelical,Barack Obama
NA,3,2,2,2,1,2,5,4,2,3,2,4,NA,2,2012,Other Christian,NA
NA,2,1,2,2,1,2,5,1,5,3,3,1,2,1,2012,Mainline,Barack Obama
NA,2,4,3,3,3,3,7,4,4,4,5,3,2,4,2012,Not Religious,NA
48,3,3,2,2,1,2,6,1,4,3,3,4,3,4,2012,Evangelical,NA
NA,3,4,2,2,1,2,7,1,1,5,4,3,4,1,2012,Other Christian,NA
NA,2,5,2,2,1,2,NA,4,3,2,2,1,2,4,2012,Evangelical,NA
48,NA,4,NA,NA,NA,NA,NA,NA,NA,NA,NA,NA,NA,NA,2012,Catholic,NA
48,NA,2,NA,NA,NA,NA,NA,NA,NA,NA,NA,NA,NA,NA,2012,Other Christian,NA
NA,3,2,2,2,1,2,4,2,4,2,4,4,3,4,2012,Evangelical,NA
48,3,2,2,2,1,2,4,4,4,3,4,2,3,2,2012,Evangelical,NA
NA,2,3,1,2,1,2,4,4,4,NA,NA,2,NA,4,2012,Other Christian,Barack Obama
NA,1,2,3,2,3,1,4,4,4,3,4,4,2,3,2012,Other Christian,Barack Obama
NA,1,3,2,2,1,2,1,1,4,2,4,3,1,4,2012,Catholic,Barack Obama
NA,1,5,2,2,1,1,6,4,2,3,4,4,4,1,2012,Catholic,Barack Obama
NA,1,3,2,2,1,2,6,4,2,3,4,4,3,1,2012,Catholic,Barack Obama
NA,1,1,2,2,2,1,7,4,2,2,4,1,2,6,2012,Catholic,Barack Obama
NA,1,2,2,2,1,2,4,4,2,3,3,3,3,4,2012,Catholic,Barack Obama
NA,1,1,2,2,2,1,5,4,5,2,4,4,2,4,2012,NA,NA
NA,1,3,2,2,1,2,7,1,4,3,5,4,2,1,2012,Other Christian,Mitt Romney
NA,1,2,2,2,1,1,6,4,2,4,4,4,3,1,2012,Catholic,Barack Obama
NA,1,2,2,2,1,2,7,4,4,3,4,NA,2,4,2012,Catholic,NA
48,1,3,2,2,1,2,7,2,4,2,2,4,2,4,2012,Other Religion,Barack Obama
NA,1,2,3,3,3,3,7,4,2,4,3,3,2,4,2012,Catholic,NA
NA,1,3,2,2,1,1,7,7,6,3,3,NA,NA,4,2012,Not Religious,Barack Obama
NA,1,3,2,2,2,1,7,7,1,4,5,2,4,1,2012,Catholic,Barack Obama
NA,1,3,2,2,1,1,5,4,3,3,4,5,2,3,2012,Catholic,Barack Obama
NA,1,5,2,2,1,1,6,4,2,3,4,4,3,1,2012,Not Religious,Mitt Romney
NA,1,3,2,2,2,1,6,4,4,3,4,4,3,2,2012,Mainline,Mitt Romney
NA,1,3,2,2,2,2,7,4,5,2,4,1,4,1,2012,Mainline,Mitt Romney
NA,1,3,2,2,2,2,7,2,1,3,NA,5,5,1,2012,Catholic,NA
NA,1,4,2,1,2,1,6,2,4,2,4,4,2,4,2012,Evangelical,NA
NA,1,4,2,2,2,2,6,4,2,3,4,4,3,1,2012,Other Christian,Mitt Romney
NA,1,3,2,2,1,1,6,5,1,4,4,4,2,1,2012,Other Christian,Barack Obama
NA,1,3,2,2,1,2,6,2,2,3,4,4,2,6,2012,Other Christian,NA
NA,1,4,2,2,2,2,6,4,2,3,4,4,2,4,2012,Evangelical,NA
NA,1,2,2,2,2,2,4,4,4,3,4,4,2,6,2012,Catholic,NA
NA,1,3,2,2,2,1,7,4,5,2,4,4,2,3,2012,Catholic,NA
NA,1,2,2,2,1,1,6,1,4,2,4,4,2,4,2012,Catholic,Barack Obama
NA,1,3,2,2,1,1,6,4,4,3,4,4,3,2,2012,Catholic,Barack Obama
NA,1,3,2,2,2,1,5,4,2,4,4,4,3,2,2012,Catholic,Mitt Romney
NA,1,3,2,1,1,1,6,4,2,3,4,4,4,1,2012,Not Religious,Barack Obama
NA,1,3,2,1,2,1,5,2,4,3,5,4,2,2,2012,Catholic,Barack Obama
NA,1,1,2,2,1,1,7,4,4,3,4,2,2,3,2012,Catholic,Barack Obama
NA,1,4,2,2,1,1,6,4,2,4,4,4,3,1,2012,Catholic,NA
NA,2,3,2,2,1,3,7,1,4,3,2,2,2,4,2012,Evangelical,NA
NA,1,5,1,1,1,1,6,3,6,3,3,3,3,1,2012,Other Christian,NA
NA,1,2,2,2,1,2,4,4,4,3,2,4,3,4,2012,Evangelical,Barack Obama
48,1,1,2,2,1,2,7,2,4,2,4,4,3,4,2012,Catholic,NA
NA,1,3,2,2,1,2,7,1,1,3,4,4,4,2,2012,Catholic,NA
NA,1,3,2,2,1,1,4,2,4,2,5,3,3,3,2012,Catholic,NA
22,1,2,1,2,1,2,5,3,2,5,1,2,5,3,2012,Evangelical,Barack Obama
NA,2,1,2,2,3,2,7,1,5,2,2,1,2,4,2012,Evangelical,Barack Obama
48,2,1,2,2,3,3,7,1,5,3,1,2,2,4,2012,Other Christian,Mitt Romney
0,NA,2,NA,NA,NA,NA,NA,NA,NA,NA,NA,NA,NA,NA,2012,Evangelical,NA
NA,2,5,2,2,1,2,7,2,4,3,2,3,2,3,2012,Other Christian,NA
NA,1,3,2,2,1,2,7,4,4,2,5,2,2,1,2012,Other Christian,NA
NA,1,3,3,3,3,1,6,1,NA,3,4,4,4,4,2012,Evangelical,NA
NA,2,2,2,2,1,2,1,4,4,1,3,4,2,4,2012,Other Christian,NA
NA,2,3,2,2,1,3,7,2,4,2,2,3,2,4,2012,Catholic,Barack Obama
48,2,1,2,2,1,2,6,2,2,4,3,1,3,6,2012,Evangelical,NA
48,1,2,2,2,1,2,NA,NA,2,2,5,4,3,NA,2012,Other Religion,NA
NA,1,1,2,2,1,3,2,1,1,2,5,3,4,2,2012,Evangelical,Barack Obama
NA,1,2,2,2,2,2,NA,7,4,4,5,3,3,2,2012,Evangelical,Barack Obama
NA,1,5,1,1,2,1,4,4,5,4,3,3,3,4,2012,Catholic,Barack Obama
NA,NA,4,NA,NA,NA,NA,NA,NA,NA,NA,NA,NA,NA,NA,2012,Not Religious,NA
NA,1,2,2,2,1,2,5,4,4,2,4,4,2,4,2012,Not Religious,Barack Obama
48,NA,3,NA,NA,NA,NA,NA,NA,NA,NA,NA,NA,NA,NA,2012,Other Religion,NA
NA,NA,3,NA,NA,NA,NA,NA,NA,NA,NA,NA,NA,NA,NA,2012,Catholic,NA
NA,NA,4,NA,NA,NA,NA,NA,NA,NA,NA,NA,NA,NA,NA,2012,Mainline,NA
NA,NA,3,NA,NA,NA,NA,NA,NA,NA,NA,NA,NA,NA,NA,2012,Evangelical,NA
NA,NA,2,2,2,1,3,7,3,1,3,5,4,3,3,2012,Evangelical,Barack Obama
NA,NA,2,2,2,2,2,6,1,4,3,4,4,3,3,2012,Not Religious,NA
NA,NA,2,4,1,2,1,6,4,2,3,5,4,3,1,2012,Mainline,Barack Obama
NA,NA,4,2,2,1,2,6,4,4,3,NA,4,2,2,2012,Not Religious,NA
NA,NA,3,2,3,1,3,6,1,4,2,NA,3,2,NA,2012,Other Christian,NA
NA,3,4,3,2,2,3,5,1,NA,1,NA,3,2,4,2012,Not Religious,NA
NA,3,2,2,2,2,2,4,2,4,2,2,4,1,4,2012,Evangelical,NA
NA,3,4,2,2,1,2,4,4,1,3,4,2,4,4,2012,Catholic,Barack Obama
NA,3,1,2,2,1,2,4,4,4,2,4,4,2,4,2012,Catholic,NA
NA,3,3,2,1,3,1,6,4,NA,4,4,NA,NA,2,2012,Evangelical,NA
NA,3,2,2,2,1,2,5,4,4,1,4,4,2,3,2012,Other Christian,NA
NA,3,2,2,1,1,1,6,2,2,5,5,5,4,4,2012,Other Christian,NA
NA,3,3,2,2,1,2,6,3,NA,3,4,NA,NA,4,2012,Other Religion,NA
NA,NA,3,NA,NA,NA,NA,NA,NA,NA,NA,NA,NA,NA,NA,2012,Catholic,NA
48,3,4,2,2,1,1,7,1,1,4,5,1,4,1,2012,Other Christian,NA
NA,3,3,2,2,1,2,6,2,4,2,3,5,4,4,2012,Other Christian,NA
NA,3,5,1,1,2,1,6,4,3,5,5,4,5,1,2012,Other Christian,Barack Obama
NA,NA,2,2,2,2,2,7,2,2,5,4,4,2,1,2012,Not Religious,NA
NA,NA,4,3,2,3,3,4,6,3,4,4,4,3,1,2012,Other Christian,Barack Obama
NA,NA,3,3,1,2,2,7,4,1,4,4,2,2,3,2012,Not Religious,NA
NA,NA,2,3,2,1,3,6,6,2,4,3,3,5,3,2012,Other Christian,Mitt Romney
NA,NA,5,3,2,3,3,4,6,4,3,4,4,2,2,2012,Catholic,NA
NA,NA,5,1,1,2,2,6,4,1,3,5,5,5,1,2012,Catholic,NA
NA,NA,4,3,2,3,1,2,4,4,4,3,3,3,1,2012,Other Christian,Barack Obama
NA,NA,2,3,3,3,3,6,2,1,4,2,4,3,1,2012,Catholic,NA
NA,NA,4,3,3,3,2,7,4,3,5,3,4,4,4,2012,Evangelical,Barack Obama
NA,NA,2,2,2,1,2,7,1,1,5,3,3,4,1,2012,Other Christian,NA
NA,NA,5,3,3,3,2,6,6,1,3,4,4,2,2,2012,Catholic,Barack Obama
NA,NA,4,2,2,1,2,7,4,1,3,3,4,2,3,2012,Evangelical,NA
NA,NA,2,3,3,2,3,6,4,NA,2,2,NA,NA,4,2012,Not Religious,NA
48,NA,5,3,2,1,2,7,1,1,3,4,4,2,2,2012,Catholic,NA
NA,NA,1,1,2,2,2,6,1,4,3,4,4,2,2,2012,Other Christian,NA
NA,NA,4,2,2,1,2,7,4,1,5,4,3,4,2,2012,Other Christian,NA
NA,NA,1,2,2,2,2,7,4,1,2,4,4,2,2,2012,NA,NA
NA,NA,5,2,3,3,3,7,4,2,3,1,2,5,6,2012,Other Christian,Mitt Romney
NA,NA,3,2,2,1,2,4,4,1,4,3,4,2,3,2012,Not Religious,NA
NA,NA,4,2,2,1,3,1,1,2,3,2,5,3,1,2012,Other Christian,Mitt Romney
NA,1,2,2,2,2,2,6,4,4,2,4,4,2,4,2012,Evangelical,Barack Obama
NA,NA,3,NA,NA,NA,NA,NA,NA,NA,NA,NA,NA,NA,NA,2012,Not Religious,NA
NA,1,3,2,1,2,1,4,4,4,3,4,4,4,2,2012,Evangelical,Barack Obama
NA,1,3,2,2,1,2,4,4,4,3,5,4,2,1,2012,Black Protestant,Barack Obama
NA,1,1,1,2,2,2,4,4,3,3,5,3,2,4,2012,Evangelical,Barack Obama
NA,1,2,2,1,2,1,4,4,1,5,4,5,2,1,2012,Not Religious,Barack Obama
NA,1,1,2,2,1,2,4,4,4,3,5,4,3,1,2012,Evangelical,Barack Obama
NA,1,1,2,2,1,2,5,7,4,3,3,4,3,4,2012,Evangelical,NA
NA,1,4,3,2,1,2,7,2,4,2,3,3,2,2,2012,Other Christian,Mitt Romney
NA,1,3,3,2,3,3,4,4,4,3,4,3,2,4,2012,Evangelical,Barack Obama
NA,NA,4,NA,NA,NA,NA,NA,NA,NA,NA,NA,NA,NA,NA,2012,Catholic,NA
NA,1,4,1,1,2,1,6,2,4,2,4,4,2,3,2012,Other Christian,Barack Obama
NA,NA,3,1,1,2,1,4,4,4,4,5,5,3,2,2012,Not Religious,NA
NA,NA,1,2,2,1,2,7,4,6,2,4,3,2,1,2012,Other Christian,Mitt Romney
NA,NA,3,NA,NA,NA,NA,NA,NA,NA,NA,NA,NA,NA,NA,2012,Not Religious,NA
NA,NA,5,2,2,2,2,7,2,1,4,5,5,3,2,2012,Mainline,Barack Obama
NA,NA,2,2,2,2,1,5,4,4,2,5,4,2,3,2012,Not Religious,Barack Obama
53,NA,3,2,2,2,1,5,3,1,5,4,4,5,1,2012,Evangelical,NA
NA,NA,2,2,1,2,2,4,4,4,2,5,5,3,2,2012,Not Religious,Barack Obama
NA,NA,2,3,3,3,3,5,2,4,2,4,4,2,3,2012,Other Christian,Barack Obama
53,NA,2,2,1,1,1,6,3,4,2,4,4,2,3,2012,Not Religious,NA
NA,NA,2,2,1,1,1,4,2,4,2,4,2,2,2,2012,Evangelical,NA
NA,NA,5,1,2,1,2,4,4,4,3,4,4,2,1,2012,Evangelical,Mitt Romney
NA,NA,4,2,2,1,1,6,3,2,3,3,3,4,1,2012,Catholic,Barack Obama
NA,NA,2,1,1,2,1,4,4,1,4,5,5,2,1,2012,Mainline,Barack Obama
NA,NA,3,NA,NA,NA,NA,NA,NA,NA,NA,NA,NA,NA,NA,2012,Catholic,NA
53,NA,2,NA,NA,NA,NA,NA,NA,NA,NA,NA,NA,NA,NA,2012,Other Christian,NA
37,4,2,2,2,1,1,7,1,4,4,5,3,2,3,2012,Other Christian,Barack Obama
NA,4,2,2,2,1,2,4,4,3,1,NA,NA,2,4,2012,Other Christian,NA
NA,4,5,2,2,2,2,4,4,1,4,4,1,4,4,2012,Not Religious,NA
NA,4,2,2,2,2,2,6,4,1,4,NA,3,3,4,2012,Other Christian,NA
NA,4,1,2,2,1,1,4,4,4,3,NA,4,2,4,2012,Other Religion,NA
53,4,2,2,2,2,2,5,1,2,5,4,5,2,4,2012,Catholic,Barack Obama
NA,4,2,2,2,2,1,4,4,4,3,3,2,2,2,2012,Not Religious,Barack Obama
NA,4,3,2,2,1,1,7,4,2,3,4,4,2,2,2012,Other Christian,NA
NA,4,3,2,2,1,1,4,4,4,2,2,2,4,4,2012,Catholic,NA
NA,4,3,2,2,2,1,6,2,4,3,4,4,2,3,2012,Evangelical,Barack Obama
53,4,1,2,1,1,2,4,4,4,2,3,4,NA,4,2012,Evangelical,Barack Obama
NA,4,4,2,2,1,2,6,NA,1,4,3,3,3,2,2012,Catholic,Barack Obama
NA,4,1,1,2,1,1,NA,4,4,2,NA,NA,NA,4,2012,Evangelical,NA
NA,4,3,3,2,2,1,7,4,4,1,2,2,4,4,2012,Other Christian,Mitt Romney
NA,NA,3,NA,NA,NA,NA,NA,NA,NA,NA,NA,NA,NA,NA,2012,Not Religious,NA
NA,4,4,2,2,1,2,6,1,3,2,4,2,2,4,2012,Catholic,NA
NA,4,2,2,3,1,3,4,4,4,2,3,3,2,3,2012,Catholic,Barack Obama
NA,4,3,2,2,2,1,6,2,4,1,5,4,2,4,2012,Other Christian,NA
NA,1,2,2,2,1,1,7,1,4,2,4,4,2,4,2012,Evangelical,NA
NA,1,2,2,2,2,1,6,4,2,3,5,4,2,2,2012,Not Religious,NA
NA,1,4,2,1,2,1,6,4,2,3,2,2,3,1,2012,Catholic,Mitt Romney
NA,1,4,1,1,2,1,6,4,2,3,5,5,2,5,2012,Evangelical,Barack Obama
NA,1,4,2,2,2,1,6,4,2,3,4,4,2,2,2012,Evangelical,Mitt Romney
NA,1,2,2,2,1,2,4,3,4,3,4,4,2,1,2012,Evangelical,Mitt Romney
NA,1,4,2,1,1,1,5,4,3,3,4,4,3,3,2012,Catholic,NA
NA,1,3,1,1,1,2,4,4,4,2,5,2,2,4,2012,Not Religious,NA
NA,1,3,2,2,1,2,6,1,7,1,1,3,2,4,2012,Evangelical,Mitt Romney
NA,1,2,2,2,1,1,6,4,4,1,5,4,2,4,2012,Mainline,Barack Obama
NA,1,5,2,2,1,2,7,2,7,2,2,2,2,4,2012,NA,NA
NA,1,1,2,2,1,2,5,4,4,1,5,5,1,4,2012,Other Christian,Barack Obama
6,1,4,2,1,2,1,6,4,4,3,3,4,2,4,2012,Other Christian,Barack Obama
6,1,4,1,2,2,1,4,4,4,4,4,4,2,4,2012,Not Religious,Barack Obama
NA,1,3,2,2,1,2,7,4,3,2,1,4,2,1,2012,Catholic,Other
6,1,1,2,2,1,1,6,4,4,3,4,3,3,4,2012,Catholic,Barack Obama
NA,1,3,2,2,1,1,4,2,4,4,3,4,2,2,2012,Not Religious,Barack Obama
NA,1,2,2,2,2,1,6,1,1,3,4,1,2,1,2012,Not Religious,NA
NA,1,4,2,2,3,3,6,1,2,3,4,2,2,1,2012,Other Christian,Mitt Romney
NA,1,4,2,2,1,1,7,4,4,3,5,3,2,3,2012,Catholic,NA
NA,1,1,2,2,1,2,7,1,4,1,2,2,4,1,2012,Not Religious,NA
NA,1,5,2,2,1,3,7,1,4,2,2,1,1,4,2012,Evangelical,NA
NA,NA,3,NA,NA,NA,NA,NA,NA,NA,NA,NA,NA,NA,NA,2012,Evangelical,NA
NA,1,3,2,2,1,1,5,1,4,1,4,4,2,4,2012,Evangelical,Mitt Romney
NA,1,5,1,2,3,3,7,4,4,2,4,2,2,2,2012,Evangelical,Mitt Romney
13,1,3,2,1,2,1,5,4,2,3,4,4,2,2,2012,Evangelical,Mitt Romney
NA,NA,1,NA,NA,NA,NA,NA,NA,NA,NA,NA,NA,NA,NA,2012,Not Religious,NA
NA,1,1,2,2,1,2,4,4,4,2,4,2,2,4,2012,Mainline,Barack Obama
NA,1,4,2,2,1,1,7,4,4,4,5,4,2,1,2012,Evangelical,Other
NA,2,4,2,2,1,1,4,4,4,2,3,3,2,1,2012,Evangelical,Mitt Romney
48,2,2,2,2,1,1,4,1,2,4,4,3,3,2,2012,Evangelical,NA
NA,2,4,2,2,2,1,7,1,4,1,4,3,2,4,2012,Not Religious,NA
NA,2,NA,2,2,1,2,NA,NA,NA,NA,NA,NA,NA,NA,2012,NA,NA
48,2,2,2,2,1,2,4,1,4,2,4,3,2,4,2012,Evangelical,NA
NA,2,4,2,2,1,1,7,4,2,3,3,2,4,2,2012,Evangelical,NA
NA,2,1,2,2,2,2,7,1,4,2,3,4,2,4,2012,Evangelical,Mitt Romney
NA,2,4,2,2,1,1,6,4,3,2,2,3,2,3,2012,Evangelical,Other
NA,NA,4,NA,NA,NA,NA,NA,NA,NA,NA,NA,NA,NA,NA,2012,Evangelical,NA
NA,1,1,1,2,1,2,7,1,6,5,1,1,5,4,2012,Catholic,Barack Obama
NA,2,5,2,2,1,1,7,1,4,2,4,4,1,2,2012,Other Christian,Mitt Romney
NA,2,2,2,2,1,1,6,2,6,2,2,NA,2,2,2012,Other Christian,Mitt Romney
NA,2,4,2,2,2,1,5,4,4,2,2,4,2,3,2012,Catholic,NA
NA,3,4,2,2,1,2,6,6,5,2,4,3,2,3,2012,Evangelical,Barack Obama
NA,3,4,2,2,1,1,4,4,4,2,3,3,3,2,2012,Evangelical,NA
NA,3,3,2,1,1,1,6,2,4,3,4,2,3,3,2012,Evangelical,Mitt Romney
NA,4,2,2,1,2,1,7,3,4,1,4,5,1,4,2012,Catholic,NA
NA,4,1,1,1,2,1,6,4,2,3,NA,3,2,1,2012,Catholic,Barack Obama
6,4,5,2,2,1,2,7,1,2,3,5,4,3,4,2012,Catholic,Barack Obama
NA,4,2,2,2,1,2,4,3,4,2,4,2,3,1,2012,Catholic,NA
NA,4,4,2,2,1,3,7,4,4,3,2,2,2,4,2012,Evangelical,Mitt Romney
6,4,3,2,2,3,3,6,4,4,2,4,4,3,4,2012,Evangelical,Mitt Romney
NA,4,4,2,2,1,1,7,2,6,3,2,5,3,4,2012,Not Religious,NA
NA,4,4,2,2,2,1,7,1,4,4,5,4,4,1,2012,Catholic,Barack Obama
NA,4,3,2,2,1,1,5,3,4,2,4,4,2,3,2012,Other Christian,NA
NA,4,1,2,2,1,1,4,3,4,1,4,5,1,4,2012,Not Religious,Barack Obama
6,4,3,3,3,1,2,7,1,4,3,NA,4,2,2,2012,Other Religion,Mitt Romney
NA,4,3,2,2,1,1,7,4,4,2,2,3,NA,NA,2012,Evangelical,NA
NA,4,4,1,2,2,1,6,4,4,2,4,5,1,4,2012,Catholic,Mitt Romney
NA,4,1,2,2,1,3,5,4,1,3,4,2,2,1,2012,Other Christian,Barack Obama
NA,4,1,2,2,1,1,7,4,4,2,4,3,2,4,2012,Other Christian,NA
NA,2,3,2,2,2,1,4,4,4,4,4,4,2,2,2012,Not Religious,Barack Obama
NA,2,4,2,2,1,1,7,1,1,4,3,4,2,4,2012,Evangelical,Barack Obama
NA,1,2,2,2,1,1,7,4,2,3,NA,5,2,4,2012,Catholic,Barack Obama
NA,1,4,2,2,1,1,3,4,4,3,4,3,2,4,2012,Other Christian,Barack Obama
NA,1,4,2,2,1,1,6,2,4,2,4,4,2,3,2012,Other Christian,Mitt Romney
NA,1,3,2,1,2,1,2,4,4,3,4,4,2,3,2012,Not Religious,Mitt Romney
NA,1,4,2,2,1,1,7,1,4,3,3,4,4,1,2012,Evangelical,Mitt Romney
NA,2,3,2,2,2,2,7,4,4,3,4,4,2,2,2012,Catholic,Mitt Romney
NA,NA,4,NA,NA,NA,NA,NA,NA,NA,NA,NA,NA,NA,NA,2012,Catholic,NA
NA,3,2,2,2,NA,1,4,2,4,1,5,NA,2,NA,2012,Not Religious,NA
NA,3,4,2,2,1,2,4,4,1,4,4,5,2,2,2012,Black Protestant,Barack Obama
NA,3,1,2,2,1,1,5,4,1,4,5,5,1,4,2012,Evangelical,Barack Obama
NA,2,5,2,2,1,1,6,NA,NA,NA,4,4,NA,NA,2012,Evangelical,Mitt Romney
12,3,1,2,2,1,2,4,7,1,3,4,2,3,4,2012,NA,Barack Obama
NA,3,1,2,2,1,2,1,4,4,4,4,2,2,1,2012,Evangelical,Barack Obama
12,3,5,2,2,1,2,4,7,1,4,4,2,3,2,2012,Evangelical,NA
NA,2,4,2,2,1,3,4,4,6,2,1,4,3,1,2012,Evangelical,Mitt Romney
NA,2,4,2,3,2,1,NA,2,7,1,3,1,NA,2,2012,Catholic,Mitt Romney
NA,2,3,2,3,3,3,4,2,NA,3,5,NA,NA,1,2012,Mainline,Mitt Romney
NA,2,3,2,2,2,1,7,4,4,2,4,4,1,4,2012,Catholic,NA
NA,2,4,2,2,1,2,1,4,4,3,4,4,2,4,2012,Not Religious,Mitt Romney
NA,2,5,2,1,2,1,4,4,4,3,4,4,2,1,2012,Other Christian,Mitt Romney
NA,2,2,2,2,2,1,4,4,4,2,4,4,2,3,2012,Evangelical,Mitt Romney
NA,2,4,1,2,1,1,6,4,4,3,5,3,3,1,2012,Other Christian,NA
NA,2,1,2,2,1,2,NA,2,2,3,4,3,2,4,2012,Evangelical,NA
NA,2,2,2,2,1,2,6,6,1,4,3,3,3,1,2012,Evangelical,Barack Obama
NA,2,4,1,1,2,1,7,1,1,4,2,4,3,1,2012,NA,Barack Obama
NA,2,3,2,2,1,1,4,2,1,3,5,5,2,2,2012,Evangelical,NA
17,2,2,2,2,1,2,7,5,1,2,4,2,5,4,2012,Other Christian,Barack Obama
NA,2,2,2,2,1,1,7,4,1,4,3,3,4,1,2012,Mainline,Barack Obama
NA,1,1,2,2,1,2,4,4,4,3,4,2,NA,4,2012,NA,Barack Obama
NA,2,1,2,2,2,1,5,1,1,5,4,3,3,4,2012,Other Christian,NA
NA,NA,2,2,2,1,3,5,4,4,2,4,4,2,4,2012,Other Christian,NA
NA,3,2,2,1,1,1,5,4,4,2,4,4,2,3,2012,Catholic,NA
NA,1,4,2,2,1,1,7,1,4,2,4,4,2,4,2012,Evangelical,Mitt Romney
NA,1,1,2,1,2,1,4,4,4,2,4,4,2,2,2012,Other Christian,Barack Obama
22,1,2,1,2,1,2,6,4,3,3,NA,4,2,3,2012,Catholic,Mitt Romney
22,1,1,1,2,1,2,2,4,4,2,4,4,2,4,2012,Not Religious,Mitt Romney
NA,1,5,2,2,1,1,6,4,4,3,2,2,3,3,2012,Catholic,Mitt Romney
NA,1,4,2,1,2,1,6,4,4,2,2,4,2,4,2012,Catholic,NA
NA,1,4,2,1,2,1,6,2,4,3,4,4,2,2,2012,Mainline,Mitt Romney
NA,3,3,2,2,1,1,7,1,1,4,4,4,3,1,2012,Not Religious,Barack Obama
NA,3,3,2,3,3,3,5,4,5,2,4,4,2,4,2012,Mainline,Mitt Romney
NA,3,4,1,2,2,2,6,4,5,2,3,3,3,4,2012,NA,NA
NA,2,2,2,1,2,1,6,5,4,3,4,4,2,2,2012,Catholic,NA
NA,2,4,2,2,2,1,4,4,4,1,4,5,1,4,2012,Not Religious,Mitt Romney
NA,3,1,2,2,2,1,7,1,1,5,4,4,2,1,2012,Other Christian,Barack Obama
NA,2,3,2,2,1,2,7,1,4,3,NA,NA,NA,NA,2012,Other Christian,Mitt Romney
NA,3,5,2,3,1,1,4,7,2,2,4,3,3,4,2012,Catholic,Mitt Romney
NA,3,1,3,3,3,3,6,2,4,4,3,4,2,4,2012,Catholic,NA
NA,NA,3,NA,NA,NA,NA,NA,NA,NA,NA,NA,NA,NA,NA,2012,Catholic,NA
NA,1,4,3,3,3,3,6,4,1,3,4,4,2,4,2012,Other Religion,NA
35,1,4,3,3,3,3,6,2,4,2,2,3,2,4,2012,Catholic,Mitt Romney
NA,1,4,3,3,3,3,4,4,4,3,2,4,2,4,2012,Not Religious,NA
NA,NA,5,1,2,1,1,6,4,2,3,4,4,2,4,2012,Mainline,NA
36,NA,2,2,2,1,2,3,2,4,2,4,1,2,4,2012,Black Protestant,Barack Obama
NA,NA,3,1,2,1,2,4,4,4,3,5,5,1,4,2012,Evangelical,Barack Obama
NA,2,3,2,2,1,2,5,4,4,3,4,3,2,4,2012,Mainline,Mitt Romney
NA,3,4,2,3,3,3,7,4,2,4,4,4,2,3,2012,Mainline,NA
NA,3,3,3,3,2,1,6,2,1,3,4,4,3,1,2012,Catholic,NA
NA,2,3,2,2,1,2,7,1,1,1,3,5,1,4,2012,Catholic,NA
NA,1,3,2,2,1,2,7,4,2,4,1,2,4,2,2012,Evangelical,Barack Obama
NA,NA,2,NA,NA,NA,NA,NA,NA,NA,NA,NA,NA,NA,NA,2012,Mainline,NA
NA,1,4,2,2,1,2,4,4,5,5,3,2,3,1,2012,Evangelical,NA
NA,3,2,1,2,2,1,4,4,4,3,4,3,2,4,2012,Not Religious,Mitt Romney
NA,3,3,2,3,3,3,5,3,2,3,4,4,2,3,2012,Mainline,Mitt Romney
NA,3,4,1,1,2,1,6,4,3,3,4,4,3,2,2012,Catholic,Mitt Romney
NA,3,4,1,1,1,1,6,4,4,3,4,4,2,2,2012,Mainline,Barack Obama
NA,3,3,2,2,1,2,4,4,1,4,5,4,4,1,2012,Catholic,Barack Obama
NA,2,4,2,1,1,2,4,2,4,3,4,4,4,4,2012,Not Religious,Mitt Romney
NA,1,4,2,2,1,3,6,4,4,3,4,2,2,1,2012,Not Religious,NA
NA,3,5,2,3,1,1,6,2,4,3,3,2,2,4,2012,Evangelical,Mitt Romney
NA,3,4,2,1,2,1,7,1,6,2,3,3,2,4,2012,Catholic,Mitt Romney
NA,4,1,2,2,1,1,7,1,4,1,3,4,2,2,2012,Other Christian,NA
NA,4,2,3,2,3,3,6,4,4,2,5,4,2,4,2012,Evangelical,Mitt Romney
48,4,3,2,3,1,3,6,4,2,3,4,2,2,1,2012,Other Christian,Mitt Romney
NA,2,5,2,2,2,1,7,1,1,4,4,1,2,4,2012,Other Religion,NA
49,2,5,2,1,1,2,7,2,4,3,5,1,5,1,2012,Mainline,NA
49,2,2,1,2,1,2,6,3,4,3,4,4,2,4,2012,Not Religious,NA
NA,1,3,2,2,1,1,7,1,4,3,5,2,4,1,2012,Evangelical,NA
NA,3,4,2,2,2,1,6,2,5,2,2,3,3,4,2012,Other Christian,Mitt Romney
NA,3,5,2,1,2,1,4,4,4,3,2,4,3,4,2012,Catholic,Barack Obama
53,3,3,2,2,2,2,7,4,4,3,4,3,2,4,2012,Not Religious,NA
NA,3,3,2,2,1,2,2,4,4,2,2,2,2,4,2012,Catholic,Mitt Romney
NA,3,2,2,1,2,1,4,4,4,2,3,2,2,3,2012,Mainline,Barack Obama
NA,3,2,2,2,1,1,7,2,4,4,2,5,3,3,2012,Other Religion,Barack Obama
NA,2,1,2,2,3,3,4,4,4,4,3,3,2,4,2012,Catholic,Barack Obama
NA,2,2,2,3,3,3,6,2,4,2,NA,4,2,2,2012,Other Christian,Barack Obama
NA,3,2,1,2,2,2,7,2,4,5,4,3,3,4,2012,Not Religious,NA
NA,3,4,2,2,1,2,6,2,4,3,NA,4,3,NA,2012,Catholic,NA
13,NA,2,1,2,2,1,7,1,4,2,3,3,2,3,2012,Mainline,NA
NA,NA,3,1,1,2,1,4,4,1,3,4,4,2,4,2012,Catholic,Other
NA,2,5,2,2,1,2,4,4,1,5,5,4,4,1,2012,Not Religious,NA
NA,NA,2,NA,NA,NA,NA,NA,NA,NA,NA,NA,NA,NA,NA,2012,Other Christian,NA
NA,1,5,2,1,2,1,6,1,4,2,4,4,2,4,2012,Other Christian,NA
NA,1,1,3,3,3,3,4,4,1,4,5,5,1,1,2012,Other Christian,Barack Obama
NA,1,3,2,2,1,3,5,1,1,NA,2,2,1,4,2012,Evangelical,NA
NA,1,4,2,2,2,1,7,4,1,4,5,4,2,1,2012,Not Religious,NA
NA,1,5,2,2,1,2,7,1,1,4,4,4,5,1,2012,Catholic,NA
NA,3,2,1,1,2,1,4,4,3,3,4,4,2,2,2012,Not Religious,NA
NA,3,4,3,3,3,3,7,1,1,4,5,3,4,1,2012,Other Christian,Barack Obama
NA,3,4,3,2,1,3,6,4,NA,NA,4,4,2,2,2012,Other Christian,Barack Obama
12,3,2,3,2,1,1,6,4,2,3,5,3,2,1,2012,Evangelical,Barack Obama
NA,NA,3,3,2,1,3,6,1,4,1,2,2,3,3,2012,Catholic,NA
NA,3,3,2,3,3,3,7,4,NA,2,4,3,4,5,2012,Not Religious,NA
NA,3,2,2,2,1,2,7,1,6,3,3,3,3,2,2012,Not Religious,NA
NA,3,4,2,2,2,2,5,1,4,1,3,3,2,4,2012,Evangelical,NA
13,NA,4,2,1,2,1,5,4,4,2,5,4,1,4,2012,Other Christian,Mitt Romney
13,NA,1,2,2,1,1,5,4,1,2,5,2,3,4,2012,Other Christian,Barack Obama
NA,NA,2,2,2,2,2,7,1,4,3,1,2,3,4,2012,Other Religion,Barack Obama
NA,1,2,1,1,2,1,6,4,4,2,4,3,3,4,2012,Mainline,Mitt Romney
NA,1,2,2,1,2,1,5,3,4,3,4,4,2,2,2012,Catholic,NA
NA,1,2,2,2,1,2,6,4,4,1,4,4,1,4,2012,Other Christian,Mitt Romney
NA,1,1,2,2,1,2,6,4,NA,3,3,3,2,4,2012,Not Religious,NA
NA,1,4,2,1,2,1,7,2,2,2,4,4,2,5,2012,Catholic,Mitt Romney
NA,4,5,2,2,2,1,4,1,6,2,4,3,3,2,2012,Evangelical,Mitt Romney
20,3,2,2,2,1,2,7,1,4,3,3,4,2,4,2012,Other Christian,NA
NA,2,2,1,1,2,1,4,4,1,3,4,5,4,2,2012,Mainline,Barack Obama
NA,NA,2,2,2,1,3,1,4,1,2,5,3,4,6,2012,Evangelical,NA
22,NA,2,2,2,1,2,7,1,1,1,4,4,2,1,2012,Evangelical,Mitt Romney
NA,1,3,3,3,3,3,7,2,4,3,NA,NA,2,1,2012,Mainline,Barack Obama
NA,1,2,2,2,1,2,7,2,1,4,5,4,4,1,2012,Other Christian,Barack Obama
NA,1,2,2,3,3,3,7,3,4,2,4,4,3,4,2012,Other Religion,NA
NA,1,2,2,2,1,2,7,1,4,2,3,3,4,1,2012,Other Christian,Mitt Romney
25,3,4,2,2,2,1,6,2,2,2,4,4,3,4,2012,Other Religion,NA
NA,NA,3,1,1,2,1,7,1,4,2,4,5,2,4,2012,Not Religious,Barack Obama
NA,1,5,2,3,3,3,7,1,4,3,4,4,2,3,2012,Evangelical,Mitt Romney
NA,1,5,2,2,1,2,7,1,4,3,3,1,3,5,2012,Evangelical,Mitt Romney
NA,NA,5,1,1,2,2,6,4,4,3,4,4,2,2,2012,Catholic,Barack Obama
NA,NA,4,2,2,1,2,2,2,6,2,NA,3,3,6,2012,Catholic,NA
NA,NA,2,2,2,2,1,4,4,2,3,4,4,2,2,2012,Mainline,Barack Obama
NA,NA,3,2,1,1,1,7,6,4,3,3,4,2,2,2012,Evangelical,Mitt Romney
NA,NA,1,2,1,2,1,6,4,2,4,5,3,2,2,2012,Not Religious,NA
NA,1,2,2,2,2,2,4,4,4,1,4,5,2,4,2012,Other Religion,Barack Obama
NA,1,1,2,2,1,2,7,1,1,4,5,3,2,1,2012,NA,Barack Obama
NA,1,4,2,2,2,2,6,2,4,3,4,4,3,2,2012,Other Religion,Barack Obama
36,1,5,3,3,3,3,5,4,5,2,5,4,2,3,2012,Not Religious,NA
NA,1,3,3,3,3,3,7,4,4,1,5,5,1,4,2012,Not Religious,NA
NA,4,3,2,1,1,1,4,1,2,3,4,3,2,1,2012,Black Protestant,Barack Obama
NA,4,NA,2,2,2,1,4,4,4,2,4,2,2,4,2012,Other Religion,Barack Obama
36,4,5,2,2,NA,1,4,4,4,NA,5,1,1,2,2012,Not Religious,NA
NA,4,4,3,3,NA,3,6,NA,NA,NA,NA,NA,NA,4,2012,NA,NA
NA,4,4,2,2,2,2,7,1,4,3,4,4,2,4,2012,Not Religious,NA
NA,NA,2,3,2,1,2,4,1,4,4,4,4,4,4,2012,Evangelical,Barack Obama
NA,NA,3,2,1,1,1,6,1,4,3,4,4,2,5,2012,Evangelical,Barack Obama
NA,NA,3,2,2,2,1,4,4,2,3,3,4,NA,2,2012,NA,NA
37,1,1,2,2,1,2,7,4,1,4,3,4,2,1,2012,Evangelical,Barack Obama
37,4,4,2,2,1,2,7,3,3,5,4,1,2,4,2012,Other Christian,NA
NA,4,4,2,2,1,1,4,4,4,3,4,4,3,4,2012,Evangelical,Barack Obama
NA,4,1,2,2,1,1,6,2,1,5,5,2,4,1,2012,Other Christian,Barack Obama
NA,4,NA,3,2,3,1,4,4,4,4,2,2,4,1,2012,Not Religious,NA
NA,4,1,3,3,3,3,4,2,4,3,4,4,5,6,2012,Mainline,Barack Obama
37,1,2,2,2,1,2,4,4,3,3,3,3,2,1,2012,Evangelical,Barack Obama
NA,NA,5,NA,NA,NA,NA,NA,NA,NA,NA,NA,NA,NA,NA,2012,Evangelical,NA
NA,1,3,2,2,1,1,4,4,1,2,5,4,3,2,2012,Not Religious,Mitt Romney
NA,1,2,1,1,1,1,4,4,4,3,4,3,3,2,2012,Catholic,NA
39,3,3,2,2,1,1,6,4,2,3,4,5,3,3,2012,Evangelical,Barack Obama
NA,NA,3,NA,NA,NA,NA,NA,NA,NA,NA,NA,NA,NA,NA,2012,Catholic,NA
NA,1,3,2,2,1,2,7,1,1,3,2,NA,NA,1,2012,Other Christian,NA
NA,1,1,2,1,2,1,7,2,3,4,4,4,2,1,2012,Evangelical,Barack Obama
NA,3,2,2,1,1,1,5,NA,4,3,3,2,3,6,2012,Other Christian,Barack Obama
NA,1,3,2,2,3,3,7,1,2,3,4,4,2,4,2012,Evangelical,Mitt Romney
NA,3,2,2,2,1,2,5,4,4,3,5,4,2,3,2012,Other Religion,NA
NA,1,3,2,2,1,2,7,1,7,4,1,4,5,1,2012,Other Christian,Barack Obama
NA,1,4,2,2,1,2,6,2,4,3,4,4,NA,4,2012,Other Religion,Barack Obama
NA,1,4,2,2,1,2,7,1,3,3,4,3,4,3,2012,Catholic,Barack Obama
NA,1,3,2,2,1,2,7,4,1,4,5,4,2,1,2012,Catholic,NA
NA,3,5,2,2,1,1,7,2,4,1,4,4,2,3,2012,Evangelical,Mitt Romney
NA,1,3,2,2,1,3,4,4,2,3,4,3,2,2,2012,Evangelical,Barack Obama
NA,1,3,2,2,1,2,5,4,1,3,4,4,2,2,2012,Evangelical,Barack Obama
NA,1,1,3,3,3,3,6,5,1,3,2,4,2,4,2012,Other Christian,Barack Obama
NA,4,4,2,2,2,2,7,2,4,3,4,3,2,2,2012,Evangelical,Mitt Romney
NA,3,3,3,3,3,3,4,4,1,3,5,4,3,1,2012,Catholic,NA
NA,3,1,2,2,1,2,4,4,4,3,4,4,5,2,2012,Catholic,NA
48,3,1,2,2,1,1,7,4,4,2,5,5,1,4,2012,Other Christian,NA
NA,NA,2,NA,NA,NA,NA,NA,NA,NA,NA,NA,NA,NA,NA,2012,Mainline,NA
NA,3,2,3,3,1,1,7,NA,4,2,3,4,2,4,2012,Other Christian,Mitt Romney
NA,3,3,3,2,3,3,7,4,6,3,4,1,2,1,2012,Other Christian,Barack Obama
NA,3,3,2,2,1,2,6,2,4,3,3,3,3,4,2012,Evangelical,Barack Obama
NA,3,3,1,2,1,3,6,2,5,2,4,4,2,4,2012,Mainline,Barack Obama
NA,3,5,3,2,1,2,7,4,4,1,1,4,2,4,2012,Evangelical,NA
NA,3,2,2,2,1,3,6,4,2,3,4,4,2,3,2012,Evangelical,Barack Obama
NA,3,5,1,2,2,2,7,4,2,2,5,5,2,2,2012,Evangelical,NA
48,3,4,2,2,1,1,4,4,4,3,5,4,2,4,2012,Evangelical,NA
NA,3,2,2,1,1,1,7,2,1,3,2,4,3,2,2012,Evangelical,Barack Obama
48,3,4,2,2,1,2,6,2,4,3,3,3,2,4,2012,Other Christian,NA
NA,1,2,2,2,1,1,5,4,2,3,5,4,2,2,2012,Catholic,NA
NA,1,1,2,2,1,2,4,4,2,2,4,4,2,4,2012,Catholic,NA
NA,1,2,2,2,3,3,6,2,4,3,3,3,3,4,2012,Catholic,NA
NA,1,4,2,2,2,1,6,2,2,3,3,4,4,1,2012,Catholic,NA
NA,1,3,2,2,2,1,6,4,2,3,4,4,4,1,2012,Catholic,NA
NA,1,5,2,1,1,1,6,2,2,3,3,4,2,4,2012,Not Religious,Mitt Romney
NA,1,2,2,2,2,1,4,2,1,5,1,3,5,3,2012,Not Religious,Mitt Romney
NA,1,3,1,1,2,1,6,1,2,2,3,3,3,2,2012,Other Christian,Mitt Romney
NA,1,2,2,1,2,1,7,4,1,3,5,2,3,3,2012,Catholic,Barack Obama
NA,1,5,3,3,3,3,4,4,1,3,4,NA,2,1,2012,Mainline,Barack Obama
NA,1,3,2,2,1,2,1,1,1,2,3,3,4,3,2012,Catholic,NA
NA,NA,5,NA,NA,NA,NA,NA,NA,NA,NA,NA,NA,NA,NA,2012,Mainline,NA
NA,NA,2,2,2,1,2,7,1,2,4,3,2,3,2,2012,Other Christian,NA
NA,3,3,2,2,1,1,4,3,2,3,5,4,4,3,2012,Evangelical,NA
48,3,3,2,2,1,3,5,4,1,4,3,2,2,2,2012,Black Protestant,NA
NA,NA,3,NA,NA,NA,NA,NA,NA,NA,NA,NA,NA,NA,NA,2012,Mainline,NA
NA,NA,5,1,2,2,1,7,4,4,2,5,4,2,2,2012,Catholic,NA
NA,NA,2,2,1,2,3,4,1,5,2,4,3,2,4,2012,Other Christian,Mitt Romney
48,NA,3,2,2,1,2,7,7,2,4,4,4,2,3,2012,Evangelical,Barack Obama
NA,NA,2,1,1,2,1,4,4,3,3,5,4,2,2,2012,Mainline,Barack Obama
NA,4,1,2,2,2,1,5,4,1,4,3,2,3,4,2012,Other Christian,Barack Obama
NA,1,4,2,2,1,3,6,1,4,3,4,4,2,4,2012,Other Christian,NA
NA,1,4,2,2,1,2,7,4,4,2,4,4,2,4,2012,Other Christian,NA
NA,1,1,2,2,2,1,6,1,4,3,1,1,2,4,2012,Not Religious,NA
13,1,1,2,2,2,1,1,1,4,1,4,2,4,4,2012,Evangelical,NA
NA,1,1,2,2,1,1,7,4,4,5,4,4,2,1,2012,Evangelical,NA
NA,1,2,2,3,2,1,7,3,2,5,3,4,4,1,2012,Evangelical,Mitt Romney
NA,2,1,2,2,1,1,4,2,4,4,5,3,5,2,2012,Evangelical,Barack Obama
NA,2,2,2,2,1,1,4,1,5,2,3,3,2,4,2012,Other Christian,NA
NA,1,2,2,2,1,2,6,4,1,2,5,4,2,1,2012,Evangelical,Barack Obama
NA,NA,3,NA,NA,NA,NA,NA,NA,NA,NA,NA,NA,NA,NA,2012,Evangelical,NA
NA,1,1,1,2,1,2,2,2,2,4,3,3,4,4,2012,NA,NA
NA,1,1,2,2,1,2,6,2,6,4,3,5,2,4,2012,Catholic,NA
NA,1,3,2,2,2,3,7,4,4,2,5,NA,4,4,2012,Other Christian,Barack Obama
NA,2,2,2,1,2,1,6,2,4,2,5,4,2,3,2012,Mainline,Mitt Romney
NA,2,5,2,2,2,2,6,1,4,3,4,4,2,3,2012,Catholic,Mitt Romney
NA,NA,3,NA,NA,NA,NA,NA,NA,NA,NA,NA,NA,NA,NA,2012,Catholic,NA
NA,1,3,2,1,2,1,6,4,4,3,5,NA,2,4,2012,Catholic,NA
NA,1,3,2,1,1,2,4,4,4,3,4,4,2,2,2012,Catholic,Barack Obama
NA,3,2,2,1,2,2,5,4,4,2,4,4,2,3,2012,NA,Mitt Romney
NA,3,5,2,2,1,2,7,1,4,1,NA,NA,NA,4,2012,Not Religious,NA
NA,2,5,2,2,1,1,6,4,3,3,3,2,2,1,2012,Mainline,Mitt Romney
NA,3,2,3,3,3,3,4,1,2,3,4,4,2,4,2012,Catholic,NA
NA,3,2,2,2,1,2,6,2,4,1,4,4,2,4,2012,Other Christian,NA
NA,3,2,2,2,1,2,7,4,1,5,5,2,3,1,2012,Not Religious,NA
35,3,1,2,2,1,1,4,2,4,2,5,4,3,1,2012,Mainline,NA
36,NA,4,NA,NA,NA,NA,NA,NA,NA,NA,NA,NA,NA,NA,2012,Catholic,NA
NA,NA,2,1,2,1,2,4,4,2,3,3,3,3,3,2012,Evangelical,NA
NA,NA,4,2,2,1,1,4,3,2,3,4,4,2,2,2012,Other Christian,Barack Obama
36,NA,2,2,2,1,2,6,4,1,3,4,4,2,2,2012,Evangelical,Barack Obama
NA,4,3,1,1,2,3,4,6,1,4,5,5,3,2,2012,Not Religious,Other
42,1,1,2,2,1,1,4,4,2,5,2,4,3,7,2012,Evangelical,Barack Obama
NA,1,1,2,3,1,3,2,1,2,4,4,4,4,1,2012,Other Christian,Barack Obama
NA,4,5,2,2,1,1,6,2,2,3,NA,4,2,1,2012,Evangelical,NA
NA,4,2,2,2,1,1,7,4,4,3,3,3,4,4,2012,Not Religious,NA
NA,4,2,2,2,1,2,5,1,2,2,4,3,2,2,2012,Not Religious,Barack Obama
NA,1,2,1,1,2,2,5,4,2,3,5,3,2,1,2012,Evangelical,Barack Obama
NA,NA,3,2,1,2,1,6,4,2,3,4,4,2,3,2012,Catholic,NA
6,3,3,2,1,2,1,5,2,2,3,NA,4,3,1,2012,Other Christian,NA
NA,3,5,3,2,1,2,7,4,1,2,4,4,2,4,2012,Catholic,NA
NA,3,2,2,2,1,2,7,4,2,5,4,4,2,1,2012,Evangelical,Barack Obama
NA,NA,3,1,1,1,1,4,4,4,3,5,4,2,2,2012,Jewish,Barack Obama
6,NA,1,NA,NA,NA,NA,NA,NA,NA,NA,NA,NA,NA,NA,2012,Not Religious,NA
NA,2,3,1,1,2,1,6,1,7,2,2,2,NA,1,2012,Not Religious,NA
NA,1,3,2,2,2,1,5,1,4,3,5,5,1,3,2012,Evangelical,NA
NA,1,4,3,3,3,1,6,4,2,3,4,5,2,1,2012,Not Religious,Barack Obama
6,1,2,1,2,1,1,4,4,4,2,5,5,NA,4,2012,Other Christian,NA
NA,3,2,2,2,2,2,5,4,4,2,4,1,1,4,2012,Catholic,NA
NA,3,5,2,2,2,2,7,1,7,1,3,3,5,4,2012,Not Religious,NA
8,3,2,2,2,1,1,5,4,4,2,3,4,2,4,2012,Other Religion,Mitt Romney
NA,NA,2,NA,NA,NA,NA,NA,NA,NA,NA,NA,NA,NA,NA,2012,Evangelical,NA
17,1,1,2,2,1,3,7,1,6,2,1,1,3,4,2012,Not Religious,Barack Obama
17,1,3,1,1,2,1,7,1,1,4,5,4,2,2,2012,Other Christian,Mitt Romney
17,1,3,2,3,3,3,1,4,4,1,3,5,1,4,2012,Catholic,NA
NA,1,3,1,1,2,1,6,4,2,3,5,NA,2,NA,2012,Mainline,Barack Obama
NA,2,1,2,2,1,2,6,4,6,3,3,3,2,4,2012,Mainline,Barack Obama
NA,2,2,1,1,2,1,4,4,4,2,4,4,2,4,2012,Not Religious,Barack Obama
NA,1,2,2,2,1,3,6,1,4,2,4,4,2,4,2012,Other Religion,NA
NA,2,2,2,2,2,1,4,4,3,4,5,3,2,2,2012,Catholic,Barack Obama
36,4,3,2,1,2,1,4,4,4,3,5,5,1,1,2012,Not Religious,Barack Obama
NA,1,3,2,2,2,2,5,4,1,3,5,3,3,1,2012,Evangelical,Barack Obama
NA,1,4,2,1,2,1,6,3,4,2,NA,4,2,NA,2012,Evangelical,NA
NA,1,3,1,2,2,2,4,2,4,2,4,4,2,4,2012,Not Religious,NA
41,3,4,1,2,1,1,6,4,4,1,NA,4,1,4,2012,Other Christian,NA
NA,2,1,2,2,1,3,6,4,4,3,3,4,2,4,2012,Evangelical,NA
NA,2,4,2,2,3,3,7,1,5,2,1,1,2,5,2012,Catholic,NA
NA,2,2,3,3,3,3,4,4,5,3,3,2,4,4,2012,Catholic,NA
NA,2,4,2,1,1,3,7,1,4,3,2,4,2,4,2012,Catholic,NA
48,NA,4,1,2,2,2,6,1,4,2,4,3,2,2,2012,Other Christian,Mitt Romney
NA,NA,3,2,2,2,2,7,6,1,4,4,4,3,1,2012,Evangelical,Mitt Romney
NA,NA,3,2,2,2,2,7,2,1,4,4,4,3,3,2012,Other Christian,NA
NA,4,2,3,2,1,1,4,NA,4,3,2,3,NA,4,2012,Catholic,NA
NA,4,2,2,2,1,2,5,3,1,1,3,2,4,5,2012,Evangelical,NA
NA,4,2,2,2,2,1,7,4,4,2,NA,4,NA,4,2012,Not Religious,NA
53,4,2,1,1,2,1,6,2,5,2,4,2,1,4,2012,Not Religious,Mitt Romney
NA,4,2,2,2,1,1,4,2,4,2,NA,4,2,4,2012,Catholic,NA
NA,4,5,2,2,1,1,4,4,1,3,4,4,2,4,2012,Catholic,NA
NA,NA,4,NA,NA,NA,NA,NA,NA,NA,NA,NA,NA,NA,NA,2012,Evangelical,NA
NA,2,2,2,2,1,2,5,2,2,4,2,2,3,1,2012,Catholic,NA
NA,3,3,2,1,2,1,7,4,2,3,5,4,2,2,2012,Mainline,Mitt Romney
22,1,3,2,1,2,1,5,4,2,3,5,5,2,4,2012,Not Religious,Barack Obama
NA,2,5,2,3,1,3,7,4,4,2,5,4,NA,4,2012,Catholic,Mitt Romney
NA,3,3,2,1,2,1,4,4,2,3,4,4,2,1,2012,Catholic,NA
NA,1,3,3,2,1,3,4,4,4,3,2,4,2,4,2012,Other Religion,NA
NA,1,3,3,3,1,3,7,2,4,3,3,3,2,6,2012,Other Christian,NA
NA,4,2,2,3,3,1,6,2,2,3,4,4,2,1,2012,Catholic,NA
NA,NA,2,2,2,2,1,4,4,4,2,2,4,2,4,2012,Catholic,Barack Obama
NA,2,2,2,2,1,2,4,2,4,2,5,5,2,3,2012,Catholic,Barack Obama
NA,1,2,3,2,1,3,7,7,4,3,4,4,3,3,2012,Other Christian,Barack Obama
NA,1,5,2,2,1,1,6,4,1,3,4,5,2,2,2012,Not Religious,NA
NA,1,3,2,2,2,2,1,4,1,1,1,1,1,4,2012,Catholic,Barack Obama
NA,4,4,3,1,2,1,6,2,6,2,4,4,2,2,2012,Not Religious,NA
NA,4,5,3,3,3,3,4,1,1,5,4,2,2,1,2012,Mainline,Mitt Romney
NA,4,3,1,1,2,1,7,3,1,5,5,4,2,2,2012,Not Religious,NA
NA,3,2,2,2,1,1,7,4,4,2,4,2,3,7,2012,Catholic,NA
NA,NA,2,2,2,2,1,4,4,2,3,5,5,2,1,2012,Not Religious,NA
6,NA,4,2,2,1,1,5,2,4,4,3,4,2,1,2012,Not Religious,Barack Obama
NA,1,4,2,1,2,2,4,4,2,3,NA,4,1,2,2012,Other Christian,Mitt Romney
NA,1,2,2,2,1,1,7,1,4,2,1,2,1,6,2012,Catholic,NA
NA,1,4,1,1,2,1,6,4,1,5,5,5,3,1,2012,Catholic,Barack Obama
17,2,5,2,3,1,1,7,1,4,2,2,3,2,4,2012,Evangelical,NA
NA,1,4,3,3,3,3,6,2,2,5,5,5,2,2,2012,Mainline,NA
NA,1,5,2,1,1,2,4,4,7,3,4,3,2,4,2012,Evangelical,NA
NA,4,4,2,2,1,1,4,4,4,3,4,4,2,3,2012,Other Christian,Barack Obama
NA,4,2,2,1,2,1,5,3,4,1,5,4,2,4,2012,Other Religion,Mitt Romney
NA,1,2,2,2,1,2,6,1,1,4,4,4,2,1,2012,Evangelical,NA
NA,1,5,2,2,1,2,4,4,4,3,3,3,1,4,2012,Catholic,NA
NA,3,2,2,1,1,1,4,4,2,3,5,5,2,2,2012,Other Christian,NA
6,4,3,3,1,2,1,6,2,4,3,4,4,2,3,2012,Not Religious,NA
NA,2,2,1,2,1,1,5,4,4,3,5,5,2,1,2012,Catholic,Barack Obama
NA,1,2,3,3,1,3,7,6,2,4,4,4,2,1,2012,Catholic,Other
NA,2,2,2,2,1,2,4,4,4,1,4,4,2,4,2012,Other Christian,Mitt Romney
NA,1,4,2,2,2,2,6,4,3,2,5,2,2,4,2012,Not Religious,Mitt Romney
NA,1,2,1,2,2,2,4,4,4,3,4,4,2,4,2012,Not Religious,Mitt Romney
NA,NA,3,2,2,2,1,4,1,4,3,3,3,2,1,2012,Mainline,NA
NA,2,4,1,2,1,2,7,4,2,3,4,1,3,4,2012,Mainline,Barack Obama
NA,2,2,2,2,2,1,7,1,7,3,2,2,2,4,2012,Other Christian,Mitt Romney
NA,2,2,2,3,3,3,4,4,1,4,5,4,3,1,2012,Other Religion,Barack Obama
NA,4,3,2,2,1,1,3,2,1,3,5,2,2,2,2012,Catholic,NA
NA,4,4,2,2,1,1,7,1,4,2,4,4,4,2,2012,Catholic,Mitt Romney
NA,4,2,2,2,1,2,6,5,2,5,4,2,4,5,2012,NA,NA
NA,1,4,2,2,2,1,7,1,4,4,5,2,4,1,2012,Not Religious,NA
NA,1,2,2,1,2,1,5,4,3,3,4,4,2,3,2012,Mainline,Barack Obama
NA,NA,3,2,2,1,3,6,2,4,3,5,4,2,4,2012,Catholic,NA
NA,NA,3,2,2,1,1,4,4,4,2,2,2,1,6,2012,Catholic,NA
NA,NA,5,2,1,2,1,6,1,4,2,3,NA,4,2,2012,Jewish,NA
NA,3,5,1,1,2,1,7,4,2,3,2,2,4,4,2012,Not Religious,NA
NA,3,2,2,2,1,1,5,4,4,2,4,4,2,4,2012,Not Religious,NA
NA,1,3,2,1,2,1,5,4,2,4,5,5,2,2,2012,Not Religious,Barack Obama
21,2,4,2,2,2,2,6,3,4,2,4,4,2,2,2012,Jewish,NA
21,2,2,3,3,3,3,4,4,3,3,3,4,4,1,2012,Other Christian,NA
NA,NA,3,2,2,1,2,7,NA,1,1,5,NA,5,4,2012,Evangelical,Barack Obama
NA,1,3,2,2,2,2,5,4,4,3,3,3,3,2,2012,Not Religious,NA
NA,1,2,2,3,3,3,4,4,1,4,5,5,4,1,2012,Other Religion,Barack Obama
NA,3,3,3,2,1,2,6,3,NA,3,5,NA,NA,3,2012,Catholic,NA
NA,1,4,2,1,1,1,4,4,4,4,4,4,2,3,2012,Catholic,Mitt Romney
NA,2,4,2,2,1,1,4,1,4,2,4,1,2,1,2012,NA,NA
NA,4,3,2,2,3,3,7,2,5,1,4,4,2,1,2012,Catholic,NA
NA,4,2,3,3,3,3,6,4,4,3,4,NA,2,4,2012,Catholic,Mitt Romney
NA,3,2,2,2,1,2,7,1,1,4,3,4,2,4,2012,Mainline,NA
NA,1,1,1,2,2,2,7,1,4,2,2,4,1,3,2012,Jewish,NA
NA,1,2,2,2,2,1,7,3,4,4,4,3,3,2,2012,Mainline,Barack Obama
NA,3,2,2,2,1,2,7,3,1,4,3,4,2,2,2012,Catholic,NA
NA,3,4,2,2,2,1,4,2,4,2,4,4,2,4,2012,Other Christian,NA
21,2,4,2,2,1,1,6,3,2,3,4,2,2,4,2012,Other Christian,Mitt Romney
NA,2,2,1,1,2,1,6,4,4,4,4,5,2,1,2012,Mainline,Barack Obama
NA,NA,NA,2,1,2,1,6,4,4,3,4,4,3,2,2012,Evangelical,Barack Obama
NA,1,2,2,2,2,1,4,4,2,2,4,4,2,3,2012,Other Christian,NA
NA,1,2,2,2,2,1,6,2,2,2,4,4,2,4,2012,Not Religious,Barack Obama
NA,2,2,1,1,2,2,4,4,1,3,5,4,2,2,2012,Not Religious,Barack Obama
NA,1,4,2,2,1,2,4,1,4,1,4,4,2,4,2012,Other Religion,Barack Obama
NA,2,3,2,2,1,1,4,2,2,3,4,4,2,1,2012,Mainline,NA
NA,1,3,2,1,2,1,4,4,4,3,5,5,2,3,2012,Mainline,NA
22,1,4,2,1,2,1,4,4,1,3,4,4,3,1,2012,Not Religious,Other
NA,1,1,2,2,1,2,3,3,5,4,2,2,4,4,2012,Catholic,NA
36,NA,5,NA,NA,NA,NA,NA,NA,NA,NA,NA,NA,NA,NA,2012,Catholic,NA
NA,NA,NA,1,1,1,2,7,2,2,3,NA,NA,NA,2,2012,Not Religious,Barack Obama
NA,1,3,3,3,3,2,7,1,1,3,3,NA,2,NA,2012,Other Christian,Barack Obama
NA,1,2,1,1,2,1,7,1,4,2,2,4,3,2,2012,Not Religious,NA
8,3,1,2,1,2,1,4,4,2,3,5,4,3,1,2012,Catholic,NA
NA,3,2,1,1,2,1,4,4,4,2,4,4,2,2,2012,Catholic,Barack Obama
NA,NA,1,1,2,2,2,4,4,3,3,4,4,2,1,2012,Catholic,Barack Obama
NA,NA,4,2,2,2,3,7,1,7,2,4,4,2,4,2012,Catholic,Mitt Romney
39,1,5,2,2,1,2,7,1,7,3,4,4,3,4,2012,Not Religious,Mitt Romney
NA,1,1,2,1,1,1,6,4,4,2,3,NA,2,3,2012,Other Religion,NA
36,4,1,2,2,2,1,6,2,2,4,4,4,2,1,2012,Catholic,Barack Obama
NA,NA,4,2,2,2,2,7,1,4,4,4,4,2,2,2012,Catholic,NA
39,1,2,2,2,2,2,7,4,4,2,3,2,2,4,2012,Other Christian,Barack Obama
NA,1,2,2,2,1,1,6,1,2,3,4,2,3,1,2012,Mainline,NA
NA,1,4,1,1,2,1,4,4,2,4,4,4,2,1,2012,Catholic,NA
NA,4,2,2,2,1,1,7,1,1,4,4,4,2,4,2012,Evangelical,Barack Obama
NA,2,5,2,2,1,2,4,4,4,4,1,2,5,4,2012,Evangelical,Barack Obama
NA,2,2,2,2,1,2,6,4,4,2,4,3,2,4,2012,Evangelical,NA
NA,NA,1,1,1,2,1,4,4,1,3,4,5,3,3,2012,Not Religious,Barack Obama
NA,NA,1,1,1,2,1,4,4,1,4,5,5,2,1,2012,Not Religious,NA
NA,NA,4,3,3,3,3,6,4,4,3,4,4,2,2,2012,Other Christian,Mitt Romney
NA,1,2,2,2,1,2,7,4,1,3,3,2,2,4,2012,Evangelical,Barack Obama
NA,4,3,2,2,1,1,2,4,4,2,4,3,2,4,2012,Not Religious,Mitt Romney
NA,2,5,2,2,1,1,4,4,1,2,4,4,2,4,2012,Evangelical,NA
NA,2,2,NA,2,1,2,NA,4,4,NA,3,3,3,NA,2012,Not Religious,Barack Obama
NA,NA,2,NA,NA,NA,NA,NA,NA,NA,NA,NA,NA,NA,NA,2012,Catholic,NA
NA,2,3,2,2,1,1,5,2,4,3,4,4,2,2,2012,Evangelical,Barack Obama
NA,1,4,1,2,1,1,5,2,5,1,4,2,1,4,2012,Catholic,Mitt Romney
NA,1,3,2,3,1,3,6,6,4,2,4,4,2,4,2012,Other Christian,NA
40,2,1,2,2,1,2,5,4,1,2,5,2,2,4,2012,Black Protestant,Barack Obama
NA,2,2,2,2,1,2,4,4,2,2,5,4,2,4,2012,Evangelical,Barack Obama
NA,2,4,2,2,1,2,5,4,6,1,1,1,5,4,2012,Other Christian,NA
NA,3,2,2,2,2,3,7,4,4,3,3,3,4,2,2012,NA,NA
NA,3,4,1,1,2,1,6,4,1,4,5,3,2,2,2012,Catholic,NA
NA,3,1,2,2,3,3,7,1,4,5,2,2,4,1,2012,Catholic,Other
NA,3,5,2,2,1,3,6,4,1,3,4,4,2,1,2012,Mainline,NA
NA,NA,4,2,2,1,2,7,1,2,4,4,4,NA,4,2012,Evangelical,Barack Obama
NA,1,2,2,2,1,1,6,2,4,2,4,4,2,4,2012,Catholic,Barack Obama
NA,1,4,2,1,1,1,7,1,4,3,3,2,3,1,2012,Evangelical,Mitt Romney
NA,2,2,2,2,1,2,4,3,4,3,2,3,2,2,2012,Not Religious,NA
NA,3,5,3,3,2,2,1,7,NA,NA,3,2,1,1,2012,Mainline,NA
NA,1,3,2,2,1,1,6,4,1,2,3,4,2,2,2012,Other Christian,NA
NA,1,3,3,2,1,2,NA,NA,4,NA,NA,4,NA,NA,2012,Catholic,NA
45,3,2,2,2,1,2,7,2,4,2,4,2,2,1,2012,Evangelical,Barack Obama
NA,NA,5,2,1,1,1,6,4,4,2,4,4,2,2,2012,Not Religious,NA
NA,NA,2,2,2,1,1,2,4,1,3,5,2,5,1,2012,Evangelical,Barack Obama
NA,NA,3,2,1,1,1,4,4,4,2,5,4,NA,4,2012,Other Christian,Barack Obama
NA,3,1,2,2,2,1,7,1,4,3,4,4,3,1,2012,Catholic,Barack Obama
NA,2,2,2,2,2,1,4,4,4,3,2,2,3,2,2012,Not Religious,NA
NA,NA,4,2,2,1,3,7,1,4,3,4,2,4,4,2012,Other Christian,Barack Obama
NA,NA,5,2,2,1,1,6,5,6,2,4,3,2,2,2012,Catholic,Mitt Romney
NA,NA,5,2,3,2,3,5,4,4,2,4,4,2,4,2012,Mainline,NA
NA,NA,4,2,3,1,3,7,2,3,3,4,4,3,4,2012,Not Religious,Barack Obama
NA,2,2,2,1,2,1,4,4,2,2,4,4,2,2,2012,Other Christian,Barack Obama
25,2,3,2,2,1,1,5,1,2,2,2,4,2,4,2012,Evangelical,Mitt Romney
NA,NA,3,2,2,2,3,6,6,4,3,4,1,3,6,2012,Evangelical,NA
NA,NA,4,2,2,1,1,4,4,4,2,4,4,2,4,2012,Other Religion,Barack Obama
NA,NA,2,1,2,2,1,4,4,2,3,5,4,2,4,2012,Catholic,NA
NA,NA,2,2,1,2,2,4,4,4,2,4,4,2,4,2012,Catholic,NA
NA,NA,4,NA,NA,NA,NA,NA,NA,NA,NA,NA,NA,NA,NA,2012,Not Religious,NA
NA,NA,2,2,1,1,1,4,4,4,3,4,4,2,2,2012,Not Religious,Barack Obama
NA,NA,4,2,2,2,1,4,4,4,2,3,4,2,3,2012,Other Religion,NA
NA,NA,4,2,2,1,2,7,1,6,2,2,2,2,4,2012,Catholic,Mitt Romney
NA,NA,2,2,2,1,1,4,4,1,3,4,4,2,3,2012,Mainline,Barack Obama
NA,NA,2,2,1,1,1,4,4,4,3,3,3,3,2,2012,Other Christian,Barack Obama
NA,NA,2,1,2,2,2,4,4,1,4,5,4,4,1,2012,Mainline,Barack Obama
NA,NA,4,2,2,1,2,6,1,4,2,3,2,2,7,2012,Evangelical,Mitt Romney
NA,NA,2,2,1,2,1,4,4,6,3,3,2,3,4,2012,Evangelical,NA
NA,NA,2,NA,NA,NA,NA,NA,NA,NA,NA,NA,NA,NA,NA,2012,Not Religious,NA
NA,NA,4,2,2,1,2,6,1,4,3,3,4,2,2,2012,Evangelical,Mitt Romney
NA,NA,4,2,2,1,1,6,1,4,3,4,4,2,2,2012,Evangelical,Mitt Romney
NA,NA,4,2,2,1,1,7,1,7,2,2,2,2,3,2012,Other Christian,Mitt Romney
NA,NA,4,2,2,1,1,4,4,4,2,4,3,3,3,2012,Not Religious,NA
NA,NA,NA,1,1,2,2,7,1,4,1,2,4,2,1,2012,Catholic,Mitt Romney
NA,NA,4,2,2,1,1,6,6,2,3,4,4,2,2,2012,Not Religious,Mitt Romney
NA,NA,4,2,2,1,2,4,2,4,3,4,5,2,2,2012,Not Religious,Barack Obama
NA,NA,NA,1,1,2,1,4,2,2,3,4,5,2,2,2012,Catholic,NA
NA,NA,4,NA,NA,NA,NA,NA,NA,NA,NA,NA,NA,NA,NA,2012,Catholic,NA
NA,NA,4,2,1,1,1,5,2,7,3,2,4,2,4,2012,Catholic,NA
NA,NA,4,1,1,2,1,4,4,4,3,4,4,2,3,2012,Not Religious,Barack Obama
NA,NA,2,2,2,2,1,4,4,6,3,4,2,2,4,2012,Not Religious,Barack Obama
NA,NA,1,1,2,2,2,6,4,4,4,4,4,2,2,2012,Black Protestant,NA
NA,NA,4,1,1,2,1,6,2,4,2,4,4,2,2,2012,Jewish,Mitt Romney
NA,NA,4,2,2,1,2,7,6,1,5,2,2,3,1,2012,Catholic,Barack Obama
NA,NA,2,1,1,2,1,4,4,2,4,5,5,2,3,2012,Not Religious,Other
NA,NA,4,1,1,1,1,4,4,4,2,4,4,2,4,2012,Evangelical,NA
NA,NA,1,2,2,2,1,6,4,1,3,4,1,4,1,2012,Catholic,Barack Obama
NA,NA,4,2,2,1,2,6,4,5,1,3,3,2,4,2012,Catholic,Mitt Romney
NA,NA,4,2,2,1,2,5,2,4,2,3,3,3,2,2012,Not Religious,Barack Obama
NA,NA,2,1,1,2,1,6,4,2,3,5,4,2,2,2012,Not Religious,Barack Obama
NA,NA,1,2,2,1,2,6,1,4,2,3,3,2,4,2012,Catholic,Mitt Romney
NA,NA,4,2,2,1,2,6,2,4,2,3,3,2,4,2012,Catholic,Mitt Romney
NA,NA,5,2,2,2,1,6,1,2,3,4,5,2,3,2012,Catholic,Mitt Romney
NA,NA,5,1,1,2,1,6,4,6,2,4,3,2,1,2012,Not Religious,NA
NA,NA,4,2,2,1,1,4,4,4,2,3,4,2,6,2012,Evangelical,Barack Obama
NA,NA,4,2,2,1,1,4,4,4,3,4,3,2,4,2012,Not Religious,NA
NA,NA,5,2,2,1,1,6,4,4,1,5,4,1,4,2012,Catholic,Mitt Romney
NA,NA,4,2,2,1,1,4,4,4,2,4,4,2,4,2012,Catholic,Barack Obama
NA,NA,4,2,2,2,1,7,1,6,2,4,4,2,4,2012,Evangelical,Mitt Romney
NA,NA,5,2,2,1,2,4,4,4,3,4,4,4,1,2012,Evangelical,Mitt Romney
NA,NA,2,2,2,1,1,4,4,7,1,5,4,1,4,2012,Not Religious,Mitt Romney
NA,NA,2,1,1,2,1,6,4,2,3,4,5,3,1,2012,Not Religious,Barack Obama
NA,NA,4,2,2,1,1,4,2,4,2,4,4,2,3,2012,Not Religious,NA
NA,NA,5,2,2,1,2,6,1,6,3,4,2,4,2,2012,Not Religious,NA
NA,NA,4,2,2,1,2,4,1,4,3,3,4,4,2,2012,Mainline,NA
NA,NA,2,2,2,1,1,4,4,4,3,5,3,4,2,2012,Evangelical,Barack Obama
NA,NA,2,2,1,2,1,5,3,1,3,5,4,3,1,2012,Catholic,Barack Obama
NA,NA,4,2,2,1,2,6,2,4,2,3,3,1,7,2012,Evangelical,Mitt Romney
NA,NA,4,1,2,2,1,4,2,4,3,3,3,2,1,2012,Not Religious,Mitt Romney
NA,NA,4,2,2,1,2,6,1,4,2,3,4,2,3,2012,Catholic,NA
NA,NA,4,2,2,1,2,7,4,1,4,4,4,3,1,2012,Other Christian,Mitt Romney
NA,NA,2,2,2,1,1,6,1,4,3,5,4,2,1,2012,Not Religious,Barack Obama
NA,NA,1,2,2,1,2,4,4,4,4,3,4,3,1,2012,Other Christian,Barack Obama
NA,NA,5,2,1,1,2,6,1,7,1,2,3,2,6,2012,Not Religious,Mitt Romney
NA,NA,2,1,1,2,1,4,4,4,2,4,4,2,3,2012,Catholic,Barack Obama
NA,NA,2,2,2,1,2,6,4,4,2,4,4,2,2,2012,Not Religious,NA
NA,NA,5,1,2,1,1,6,4,4,2,4,2,2,2,2012,Not Religious,NA
NA,NA,2,2,2,2,1,4,4,4,3,5,5,2,1,2012,Other Religion,Barack Obama
NA,NA,2,2,1,1,1,4,1,4,2,4,4,2,2,2012,Other Christian,Barack Obama
NA,NA,2,2,2,1,1,4,1,6,3,2,3,3,6,2012,Evangelical,NA
NA,NA,4,1,1,2,2,4,4,4,4,4,4,2,3,2012,Other Christian,Mitt Romney
NA,NA,4,2,2,2,1,4,4,4,2,4,4,2,4,2012,Not Religious,Mitt Romney
NA,NA,2,NA,NA,NA,NA,NA,NA,NA,NA,NA,NA,NA,NA,2012,Other Christian,NA
NA,NA,2,2,1,2,1,6,4,1,3,4,4,2,1,2012,Not Religious,NA
NA,NA,4,2,1,1,1,6,1,4,2,4,3,2,4,2012,Other Religion,NA
NA,NA,5,2,2,1,1,7,1,7,1,3,4,1,4,2012,Not Religious,Mitt Romney
NA,NA,2,NA,NA,NA,NA,NA,NA,NA,NA,NA,NA,NA,NA,2012,Not Religious,NA
NA,NA,4,2,1,1,1,6,1,2,3,4,4,2,3,2012,Mainline,Barack Obama
NA,NA,4,2,2,1,2,4,4,4,2,4,4,2,2,2012,Mainline,Mitt Romney
NA,NA,2,2,2,2,1,5,2,3,3,4,4,2,3,2012,Evangelical,NA
NA,NA,2,2,2,2,1,4,4,1,4,4,4,4,2,2012,Not Religious,Barack Obama
NA,NA,2,2,1,2,1,6,4,4,2,4,4,2,4,2012,Not Religious,Mitt Romney
NA,NA,1,2,2,1,2,4,1,4,2,4,4,2,6,2012,Evangelical,Mitt Romney
NA,NA,4,2,2,1,2,6,4,4,2,4,5,2,4,2012,Catholic,Barack Obama
NA,NA,1,2,2,1,1,4,4,4,2,4,4,2,4,2012,Other Christian,Mitt Romney
NA,NA,2,1,1,2,1,6,4,1,4,5,4,2,2,2012,Mainline,Barack Obama
NA,NA,4,2,1,2,1,6,4,4,2,2,2,2,4,2012,Evangelical,NA
NA,NA,5,2,2,1,1,7,2,4,2,5,2,2,2,2012,Not Religious,Mitt Romney
NA,NA,2,1,1,2,1,4,4,2,3,5,5,2,1,2012,Not Religious,Barack Obama
NA,NA,2,2,2,2,1,6,4,2,3,3,4,2,2,2012,Not Religious,Barack Obama
NA,NA,4,NA,NA,NA,NA,NA,NA,NA,NA,NA,NA,NA,NA,2012,Evangelical,NA
NA,NA,2,2,2,1,1,6,2,1,3,4,4,2,2,2012,Evangelical,Barack Obama
NA,NA,1,NA,NA,NA,NA,NA,NA,NA,NA,NA,NA,NA,NA,2012,Catholic,NA
NA,NA,5,2,2,2,2,7,4,2,3,4,3,4,2,2012,Not Religious,NA
NA,NA,2,2,1,1,1,6,1,4,2,4,4,2,2,2012,Evangelical,NA
NA,NA,4,2,1,1,1,7,2,7,2,2,2,2,3,2012,Mainline,Mitt Romney
NA,NA,5,2,2,1,1,6,4,4,3,2,1,2,4,2012,Evangelical,NA
NA,NA,4,1,1,2,1,6,6,2,4,4,4,2,1,2012,Other Religion,Mitt Romney
NA,NA,5,2,2,1,2,5,4,7,2,3,4,2,3,2012,Catholic,Other
NA,NA,5,NA,NA,NA,NA,NA,NA,NA,NA,NA,NA,NA,NA,2012,Catholic,NA
NA,NA,1,2,2,1,2,7,4,4,3,4,4,2,3,2012,Catholic,Barack Obama
NA,NA,2,2,1,1,1,6,1,4,2,4,3,2,2,2012,Catholic,Mitt Romney
NA,NA,2,2,2,1,2,6,2,2,4,4,5,3,1,2012,Mainline,Barack Obama
NA,NA,2,NA,NA,NA,NA,NA,NA,NA,NA,NA,NA,NA,NA,2012,Other Christian,NA
NA,NA,2,2,1,2,1,4,4,4,2,4,4,2,2,2012,Other Christian,Mitt Romney
NA,NA,2,1,1,2,1,6,4,4,3,5,5,2,2,2012,Not Religious,Other
NA,NA,2,2,2,2,1,6,2,4,3,4,4,1,7,2012,Catholic,Barack Obama
NA,NA,1,2,1,2,1,4,6,2,3,4,4,2,2,2012,Other Christian,Barack Obama
NA,NA,4,2,1,1,1,5,4,6,3,3,2,3,1,2012,Mainline,Mitt Romney
NA,NA,4,2,2,1,2,6,6,2,3,4,5,2,2,2012,Other Christian,NA
NA,NA,4,2,1,1,1,4,4,4,3,4,5,3,2,2012,Not Religious,Barack Obama
NA,NA,4,2,2,2,2,4,4,5,2,4,4,2,4,2012,Evangelical,NA
NA,NA,4,2,2,1,1,4,4,4,3,4,4,2,1,2012,Evangelical,Barack Obama
NA,NA,2,1,1,2,1,6,2,5,2,2,4,2,6,2012,Jewish,Barack Obama
NA,NA,4,2,2,1,1,4,2,4,2,4,4,2,1,2012,Evangelical,NA
NA,NA,2,1,2,1,1,5,4,1,4,4,4,2,2,2012,Catholic,Mitt Romney
NA,NA,4,2,2,2,1,5,4,2,3,4,3,4,1,2012,Catholic,Barack Obama
NA,NA,4,2,2,1,1,5,4,2,3,4,3,3,4,2012,Not Religious,Barack Obama
NA,NA,4,2,2,1,2,6,1,2,3,4,4,2,1,2012,Not Religious,NA
NA,NA,4,2,2,1,1,7,1,4,2,3,4,2,1,2012,Other Christian,Mitt Romney
NA,NA,4,1,2,2,1,4,4,2,3,5,4,3,1,2012,Catholic,Barack Obama
NA,NA,5,1,2,1,1,3,3,3,3,2,3,2,4,2012,Jewish,NA
NA,NA,2,1,2,2,1,6,1,2,4,3,4,3,1,2012,Evangelical,Barack Obama
NA,NA,5,2,2,1,1,4,4,4,2,5,4,2,4,2012,Other Christian,Mitt Romney
NA,NA,2,1,1,2,1,6,2,4,2,5,5,2,2,2012,Not Religious,Other
NA,NA,4,1,1,2,1,4,4,5,2,3,4,2,4,2012,Not Religious,NA
NA,NA,4,2,2,1,2,4,1,4,2,4,4,2,2,2012,Other Christian,Barack Obama
NA,NA,5,2,1,1,1,4,6,6,3,3,2,2,2,2012,Evangelical,Mitt Romney
NA,NA,4,2,2,1,2,5,4,4,2,4,4,2,4,2012,Not Religious,NA
NA,NA,2,2,2,1,1,4,4,4,3,4,4,2,6,2012,Mainline,Barack Obama
NA,NA,2,2,1,1,1,4,2,7,1,4,4,2,4,2012,Mainline,NA
NA,NA,2,1,1,2,1,4,4,4,2,4,4,2,2,2012,Mainline,Barack Obama
NA,NA,4,2,2,1,1,4,4,4,3,2,4,3,4,2012,Mainline,NA
NA,NA,2,1,1,2,1,4,4,4,3,5,4,2,1,2012,Not Religious,Barack Obama
NA,NA,2,2,2,2,1,6,1,4,3,5,4,2,3,2012,Mainline,Barack Obama
NA,NA,2,1,2,1,2,4,4,4,4,4,4,2,3,2012,Not Religious,Barack Obama
NA,NA,2,1,1,2,1,4,6,4,3,4,4,2,1,2012,Catholic,NA
NA,NA,2,1,2,1,2,5,6,4,4,3,3,4,6,2012,Evangelical,NA
NA,NA,2,1,1,2,1,7,4,4,3,5,4,2,3,2012,Not Religious,Barack Obama
NA,NA,5,2,2,1,1,6,4,2,3,5,4,2,3,2012,Mainline,Mitt Romney
NA,NA,4,2,2,1,2,6,1,6,2,3,2,2,4,2012,Evangelical,Mitt Romney
NA,NA,2,2,2,1,2,6,1,7,1,3,3,1,4,2012,Mainline,Mitt Romney
NA,NA,4,2,2,1,1,6,1,4,2,2,4,2,5,2012,Catholic,Mitt Romney
NA,NA,4,2,1,2,1,6,4,3,3,4,4,2,2,2012,Catholic,NA
NA,NA,2,2,2,2,1,5,2,3,2,4,4,2,3,2012,Evangelical,Mitt Romney
NA,NA,2,2,2,1,1,6,1,4,3,4,4,2,2,2012,Evangelical,Barack Obama
NA,NA,2,2,2,2,1,6,4,4,2,4,4,2,1,2012,Other Christian,Barack Obama
NA,NA,1,1,2,1,1,4,4,4,1,4,4,2,2,2012,Catholic,NA
NA,NA,4,2,2,1,1,5,2,6,2,3,4,2,4,2012,Catholic,Mitt Romney
NA,NA,4,1,1,2,1,6,2,2,3,4,2,4,3,2012,Other Christian,Barack Obama
NA,NA,2,1,1,2,1,4,4,2,4,5,5,3,1,2012,Not Religious,Barack Obama
NA,NA,1,2,2,1,2,4,1,1,4,5,5,4,1,2012,Black Protestant,Barack Obama
NA,NA,4,1,2,2,1,7,4,4,3,4,4,4,4,2012,Other Religion,Mitt Romney
NA,NA,2,2,2,2,1,4,4,2,3,4,3,2,2,2012,Not Religious,Barack Obama
NA,NA,4,2,2,2,1,6,2,5,1,2,2,2,4,2012,Catholic,Mitt Romney
NA,NA,4,2,1,1,1,7,1,1,3,5,3,2,1,2012,Other Religion,Mitt Romney
NA,NA,4,2,2,2,1,7,2,4,2,3,4,3,3,2012,Not Religious,Mitt Romney
NA,NA,2,2,1,1,1,6,1,1,4,4,4,3,1,2012,Catholic,Barack Obama
NA,NA,2,2,1,2,2,6,4,5,3,4,4,2,2,2012,Mainline,NA
NA,NA,2,1,2,2,1,4,4,4,3,4,4,2,1,2012,Mainline,Barack Obama
NA,NA,4,1,1,2,1,4,4,4,2,4,4,2,3,2012,Not Religious,Mitt Romney
NA,NA,5,2,2,1,2,6,4,2,3,4,4,3,2,2012,Evangelical,Mitt Romney
NA,NA,5,2,1,1,2,5,4,5,2,4,3,2,5,2012,Catholic,NA
NA,NA,2,1,1,2,2,6,6,6,3,3,3,3,3,2012,Not Religious,Barack Obama
NA,NA,4,2,2,1,2,6,2,6,2,3,4,2,4,2012,Evangelical,Mitt Romney
NA,NA,2,1,2,2,1,4,4,2,3,5,5,2,3,2012,Catholic,Barack Obama
NA,NA,2,2,2,1,2,4,4,2,3,3,4,4,1,2012,Catholic,Barack Obama
NA,NA,2,1,2,1,1,6,4,2,4,4,2,2,1,2012,Other Christian,Barack Obama
NA,NA,4,2,1,2,1,7,1,NA,4,4,5,2,NA,2012,Evangelical,Mitt Romney
NA,NA,2,2,1,2,1,7,2,4,2,3,4,2,4,2012,Jewish,Barack Obama
NA,NA,4,2,1,2,1,4,4,4,3,4,2,2,2,2012,Mainline,Mitt Romney
NA,NA,NA,2,2,1,1,6,4,1,3,4,4,4,3,2012,Mainline,NA
NA,NA,4,2,1,2,1,6,4,2,2,4,4,2,2,2012,Not Religious,Mitt Romney
NA,NA,5,NA,NA,NA,NA,NA,NA,NA,NA,NA,NA,NA,NA,2012,Evangelical,NA
NA,NA,4,2,2,2,1,6,4,2,3,4,4,2,2,2012,Catholic,Barack Obama
NA,NA,2,2,2,1,1,5,4,2,2,5,4,2,2,2012,Not Religious,NA
NA,NA,2,NA,NA,NA,NA,NA,NA,NA,NA,NA,NA,NA,NA,2012,Other Christian,NA
NA,NA,2,2,2,1,1,6,2,4,2,3,2,2,3,2012,Evangelical,Mitt Romney
NA,NA,2,NA,NA,NA,NA,NA,NA,NA,NA,NA,NA,NA,NA,2012,Mainline,NA
NA,NA,4,1,1,2,1,5,4,4,4,5,5,2,2,2012,Mainline,Barack Obama
NA,NA,2,NA,NA,NA,NA,NA,NA,NA,NA,NA,NA,NA,NA,2012,Not Religious,NA
NA,NA,4,2,1,2,1,4,4,4,3,4,2,2,3,2012,Not Religious,NA
NA,NA,4,2,2,1,1,5,3,6,2,4,4,2,3,2012,Evangelical,Other
NA,NA,2,2,1,2,1,4,4,4,2,4,4,2,4,2012,Not Religious,Barack Obama
NA,NA,4,2,1,2,1,4,4,7,2,4,4,2,2,2012,Not Religious,Mitt Romney
NA,NA,2,2,2,1,1,4,4,2,3,3,3,3,1,2012,Evangelical,Mitt Romney
NA,NA,2,2,2,1,2,4,1,5,2,3,2,2,4,2012,Evangelical,Mitt Romney
NA,NA,2,2,2,2,1,6,4,3,3,5,5,2,1,2012,Mainline,Barack Obama
NA,NA,4,1,2,2,1,4,2,6,2,3,4,2,4,2012,Other Christian,Mitt Romney
NA,NA,4,2,2,1,1,6,2,4,2,4,4,3,2,2012,NA,Mitt Romney
NA,NA,2,2,2,1,1,4,4,4,3,5,5,3,2,2012,Other Christian,NA
NA,NA,2,1,2,2,1,6,4,4,3,4,4,2,4,2012,Mainline,Barack Obama
NA,NA,4,1,2,2,1,6,4,4,2,4,4,2,3,2012,Other Christian,Mitt Romney
NA,NA,2,2,2,2,1,4,4,6,2,5,4,2,2,2012,Mainline,Barack Obama
NA,NA,2,2,1,1,1,4,4,4,3,3,3,3,4,2012,Not Religious,Barack Obama
NA,NA,4,NA,NA,NA,NA,NA,NA,NA,NA,NA,NA,NA,NA,2012,Catholic,NA
NA,NA,4,2,2,2,1,4,4,5,2,4,3,2,4,2012,Catholic,NA
NA,NA,2,2,2,1,2,7,1,7,2,4,4,2,4,2012,Evangelical,NA
NA,NA,1,NA,NA,NA,NA,NA,NA,NA,NA,NA,NA,NA,NA,2012,Evangelical,NA
NA,NA,5,2,2,1,1,7,2,2,4,3,3,4,2,2012,Evangelical,Mitt Romney
NA,NA,2,2,1,2,1,7,1,2,1,5,4,4,1,2012,Not Religious,NA
NA,NA,4,2,2,1,2,7,1,5,1,2,3,2,3,2012,Not Religious,Mitt Romney
NA,NA,4,2,2,2,2,6,4,4,2,4,4,2,3,2012,Catholic,NA
NA,NA,NA,1,1,2,2,5,4,2,4,4,4,2,3,2012,Not Religious,Barack Obama
NA,NA,4,2,2,1,2,6,4,4,3,3,4,2,3,2012,Catholic,Mitt Romney
NA,NA,5,2,2,1,2,7,1,4,1,4,4,1,4,2012,Mainline,Mitt Romney
NA,NA,5,NA,NA,NA,NA,NA,NA,NA,NA,NA,NA,NA,NA,2012,Other Christian,NA
NA,NA,2,1,2,2,1,4,4,4,3,4,4,3,1,2012,Not Religious,Barack Obama
NA,NA,5,2,2,1,1,6,2,5,1,2,2,2,5,2012,Mainline,Mitt Romney
NA,NA,4,2,2,1,1,6,4,4,2,4,4,2,4,2012,Mainline,Mitt Romney
NA,NA,1,2,1,2,1,5,4,1,4,5,4,3,1,2012,Not Religious,Barack Obama
NA,NA,4,2,2,1,2,6,1,1,3,4,4,2,4,2012,Jewish,Mitt Romney
NA,NA,5,2,2,2,1,7,2,1,4,4,4,3,1,2012,Catholic,Barack Obama
NA,NA,4,NA,NA,NA,NA,NA,NA,NA,NA,NA,NA,NA,NA,2012,Catholic,NA
NA,NA,4,2,1,2,1,7,2,4,3,4,4,2,1,2012,Catholic,Mitt Romney
NA,NA,2,2,2,2,1,6,4,2,3,4,4,2,1,2012,Not Religious,Barack Obama
NA,NA,2,2,1,1,2,4,4,4,2,4,4,2,4,2012,Mainline,Barack Obama
NA,NA,4,2,2,1,1,4,2,2,4,5,2,2,2,2012,Other Christian,Barack Obama
NA,NA,4,2,2,1,1,4,4,2,3,4,4,2,1,2012,Mainline,Barack Obama
NA,NA,5,2,2,2,2,4,4,4,1,3,3,2,4,2012,Mainline,NA
NA,NA,2,1,1,2,1,6,4,1,4,4,4,2,2,2012,Mainline,Mitt Romney
NA,NA,4,2,2,1,2,4,4,2,3,4,2,4,1,2012,Mainline,Mitt Romney
NA,NA,2,1,1,2,1,4,4,1,4,5,5,2,1,2012,Not Religious,Barack Obama
NA,NA,2,2,2,2,1,4,4,2,3,5,5,2,2,2012,Not Religious,Barack Obama
NA,NA,2,2,1,2,1,4,4,1,4,5,5,3,1,2012,Jewish,Barack Obama
NA,NA,2,2,2,2,2,1,4,4,2,5,4,2,4,2012,Jewish,Barack Obama
NA,NA,4,2,2,1,2,4,1,4,2,4,1,2,6,2012,Other Christian,NA
NA,NA,4,2,2,2,1,6,4,4,3,4,4,3,2,2012,Evangelical,NA
NA,NA,2,1,2,2,2,4,4,1,4,5,4,2,1,2012,Not Religious,Barack Obama
NA,NA,2,2,2,1,2,4,2,1,5,4,4,4,1,2012,Mainline,Barack Obama
NA,NA,5,1,2,2,1,5,4,2,3,5,4,3,2,2012,Evangelical,Barack Obama
NA,NA,4,2,1,2,2,7,1,7,2,1,2,2,4,2012,Catholic,Mitt Romney
NA,NA,2,2,2,1,1,5,1,5,3,5,4,2,1,2012,Evangelical,Barack Obama
NA,NA,2,1,1,2,1,6,4,2,3,4,4,2,2,2012,Not Religious,Barack Obama
NA,NA,4,2,2,2,1,6,4,4,3,3,4,2,2,2012,Catholic,Mitt Romney
NA,NA,2,2,2,1,2,6,1,7,2,2,2,2,4,2012,Evangelical,Mitt Romney
NA,NA,2,2,1,2,1,6,1,6,2,2,2,1,4,2012,Mainline,NA
NA,NA,2,2,2,1,1,7,1,4,3,4,4,2,2,2012,Other Christian,Barack Obama
NA,NA,5,2,1,2,2,6,2,2,3,4,4,3,1,2012,Catholic,Barack Obama
NA,NA,2,2,2,1,1,4,4,4,2,3,4,2,4,2012,Not Religious,Mitt Romney
NA,NA,5,2,2,1,1,6,4,4,2,4,4,2,2,2012,Catholic,Mitt Romney
NA,NA,2,NA,NA,NA,NA,NA,NA,NA,NA,NA,NA,NA,NA,2012,Catholic,NA
NA,NA,5,2,1,1,1,4,4,6,2,4,4,2,3,2012,Evangelical,Barack Obama
NA,NA,2,2,2,1,1,4,4,1,3,3,3,3,2,2012,Other Christian,NA
NA,NA,2,2,2,1,1,5,2,2,3,4,5,2,2,2012,Evangelical,NA
NA,NA,2,2,2,1,2,5,3,5,3,2,2,2,6,2012,Mainline,Mitt Romney
NA,NA,2,2,2,1,2,4,2,4,3,4,4,3,2,2012,Evangelical,NA
NA,NA,4,2,2,1,1,4,2,4,2,5,4,2,2,2012,Mainline,Mitt Romney
NA,NA,4,2,2,1,1,4,2,4,3,3,2,2,3,2012,Evangelical,Other
NA,NA,2,2,2,2,1,4,1,4,2,5,5,2,4,2012,Jewish,Mitt Romney
NA,NA,NA,2,1,2,1,6,4,1,4,4,4,3,1,2012,Mainline,Barack Obama
NA,NA,2,2,1,1,1,7,3,4,3,4,4,3,3,2012,Not Religious,Barack Obama
NA,NA,1,2,1,2,1,7,4,7,5,5,4,4,1,2012,Black Protestant,Barack Obama
NA,NA,4,2,1,1,1,7,1,4,2,3,2,2,4,2012,Evangelical,Mitt Romney
NA,NA,4,2,1,1,1,4,4,6,2,2,3,3,4,2012,Evangelical,Mitt Romney
NA,NA,2,1,1,1,1,4,2,4,NA,NA,4,NA,NA,2012,Other Christian,Mitt Romney
NA,NA,2,2,2,2,2,6,4,2,3,4,4,2,2,2012,Catholic,Barack Obama
NA,NA,2,1,2,2,1,4,4,4,2,4,4,2,4,2012,Catholic,Barack Obama
NA,NA,4,2,2,1,2,6,2,1,3,4,2,2,1,2012,Other Christian,Mitt Romney
NA,NA,4,2,2,1,2,4,6,4,4,5,4,3,1,2012,Evangelical,Barack Obama
NA,NA,4,2,2,1,2,4,3,4,3,5,4,2,3,2012,Catholic,Mitt Romney
NA,NA,4,2,2,2,1,6,1,4,3,4,3,2,3,2012,Mainline,Mitt Romney
NA,NA,2,2,2,1,1,7,4,6,3,2,4,2,2,2012,Not Religious,NA
NA,NA,2,2,2,2,2,7,1,2,2,4,3,2,4,2012,Evangelical,Mitt Romney
NA,NA,4,2,2,1,2,6,2,6,2,4,4,2,2,2012,Catholic,Mitt Romney
NA,NA,2,1,2,1,1,5,4,1,3,5,4,3,3,2012,Not Religious,Barack Obama
NA,NA,4,2,2,1,2,7,2,4,2,4,4,2,2,2012,Evangelical,Mitt Romney
NA,NA,5,2,2,2,1,6,4,3,3,5,5,2,2,2012,Not Religious,Barack Obama
NA,NA,5,2,2,2,2,2,3,5,3,2,2,4,6,2012,Catholic,Barack Obama
NA,NA,5,NA,NA,NA,NA,NA,NA,NA,NA,NA,NA,NA,NA,2012,Evangelical,NA
NA,NA,1,2,2,1,2,4,4,4,3,4,4,2,3,2012,Not Religious,Barack Obama
NA,NA,4,2,2,1,2,6,1,6,2,4,4,2,2,2012,Evangelical,Mitt Romney
NA,NA,4,2,2,1,1,2,7,3,2,4,4,2,7,2012,Not Religious,NA
NA,NA,4,2,2,1,2,7,1,4,2,4,4,2,2,2012,Evangelical,Mitt Romney
NA,NA,4,2,2,2,1,4,4,4,2,5,4,2,4,2012,Catholic,Mitt Romney
NA,NA,4,2,2,2,2,4,4,4,2,5,4,2,3,2012,Catholic,Mitt Romney
NA,NA,2,2,1,2,1,6,4,3,4,4,4,2,2,2012,Black Protestant,Barack Obama
NA,NA,2,2,1,2,1,4,4,4,3,4,4,2,4,2012,Evangelical,Mitt Romney
NA,NA,2,2,2,1,1,4,2,2,3,4,4,2,1,2012,Evangelical,Barack Obama
NA,NA,4,2,2,1,1,4,1,7,2,4,4,2,4,2012,Evangelical,Mitt Romney
NA,NA,5,2,2,1,2,4,4,4,2,3,5,2,4,2012,Evangelical,Mitt Romney
NA,NA,4,2,2,1,2,4,2,7,1,2,2,2,4,2012,Mainline,Mitt Romney
NA,NA,4,2,2,2,1,4,2,4,3,4,4,3,2,2012,Other Christian,Mitt Romney
NA,NA,2,2,2,1,2,4,2,4,2,4,4,2,2,2012,Evangelical,Barack Obama
NA,NA,4,NA,NA,NA,NA,NA,NA,NA,NA,NA,NA,NA,NA,2012,Not Religious,NA
NA,NA,2,2,2,1,1,4,3,4,2,4,4,2,2,2012,Mainline,Mitt Romney
NA,NA,2,2,2,2,1,4,4,6,2,3,3,2,4,2012,Evangelical,Mitt Romney
NA,NA,2,2,1,1,1,5,3,2,4,5,4,4,1,2012,Evangelical,Barack Obama
NA,NA,4,2,2,1,1,4,4,5,2,4,4,2,4,2012,Mainline,Barack Obama
NA,NA,2,2,2,1,2,7,1,7,1,2,1,1,6,2012,Catholic,Mitt Romney
NA,NA,2,1,1,2,2,4,4,4,2,4,4,2,4,2012,Catholic,Mitt Romney
NA,NA,2,1,1,2,1,6,4,4,3,5,4,2,1,2012,Not Religious,Mitt Romney
NA,NA,2,1,1,2,1,6,4,4,2,4,4,2,2,2012,Not Religious,Barack Obama
NA,NA,4,2,1,2,1,4,4,1,4,4,4,3,1,2012,Mainline,Barack Obama
NA,NA,2,2,1,2,1,7,1,6,2,2,2,2,4,2012,Other Christian,Mitt Romney
NA,NA,2,2,2,1,1,4,4,4,2,4,4,2,4,2012,Mainline,Barack Obama
NA,NA,5,2,2,1,2,7,1,1,3,4,4,2,1,2012,Evangelical,Mitt Romney
NA,NA,2,2,2,2,1,7,1,4,4,4,4,3,5,2012,Evangelical,Barack Obama
NA,NA,4,2,1,1,1,5,4,2,3,3,3,2,2,2012,Evangelical,Mitt Romney
NA,NA,5,2,2,2,1,6,4,7,3,3,3,3,1,2012,Mainline,NA
NA,NA,2,2,2,2,1,4,3,4,2,4,4,2,2,2012,Other Christian,Mitt Romney
NA,NA,4,2,2,1,1,6,1,4,4,3,3,4,1,2012,Evangelical,Barack Obama
NA,NA,4,2,2,2,2,4,4,4,3,4,4,2,2,2012,Mainline,Mitt Romney
NA,NA,4,2,2,1,2,5,4,6,2,4,4,2,2,2012,Jewish,Mitt Romney
NA,NA,2,2,2,1,1,6,1,6,4,4,4,4,2,2012,Mainline,Barack Obama
NA,NA,4,1,2,1,1,6,2,4,2,4,4,2,3,2012,Other Religion,NA
NA,NA,2,NA,NA,NA,NA,NA,NA,NA,NA,NA,NA,NA,NA,2012,Other Christian,NA
NA,NA,2,1,2,1,2,2,4,4,2,5,4,2,2,2012,Not Religious,NA
NA,NA,1,NA,NA,NA,NA,NA,NA,NA,NA,NA,NA,NA,NA,2012,Mainline,NA
NA,NA,4,1,1,2,1,6,4,2,4,4,4,2,1,2012,Not Religious,NA
NA,NA,4,2,2,1,1,4,4,2,3,5,5,4,1,2012,Not Religious,NA
NA,NA,4,2,1,2,1,6,1,6,2,2,2,2,4,2012,Other Christian,Mitt Romney
NA,NA,4,2,2,1,2,4,4,4,3,4,4,2,4,2012,Catholic,Mitt Romney
NA,NA,1,2,2,1,2,4,4,1,4,3,4,4,1,2012,Evangelical,Barack Obama
NA,NA,4,1,2,1,2,5,4,4,4,5,4,2,3,2012,Other Christian,Barack Obama
NA,NA,2,2,1,1,1,4,2,2,3,4,4,2,1,2012,Other Christian,Barack Obama
NA,NA,4,2,2,2,1,4,4,2,4,4,5,3,4,2012,Catholic,Barack Obama
NA,NA,2,1,1,2,1,6,1,4,2,4,4,2,4,2012,Catholic,Mitt Romney
NA,NA,2,2,2,2,1,2,4,4,3,5,5,2,2,2012,Catholic,Mitt Romney
NA,NA,5,NA,NA,NA,NA,NA,NA,NA,NA,NA,NA,NA,NA,2012,Other Christian,NA
NA,NA,2,2,1,1,1,4,2,4,2,4,4,2,4,2012,Mainline,NA
NA,NA,5,2,1,2,1,4,3,4,2,5,4,2,2,2012,Mainline,Barack Obama
NA,NA,4,1,1,2,1,4,4,2,3,4,3,2,1,2012,Catholic,Barack Obama
NA,NA,5,2,2,2,2,7,1,4,1,2,2,2,4,2012,Not Religious,Mitt Romney
NA,NA,2,2,1,2,1,4,4,2,4,5,4,2,2,2012,Catholic,Barack Obama
NA,NA,2,2,1,1,1,6,1,4,3,3,4,2,2,2012,Other Christian,Other
NA,NA,2,1,1,2,2,6,4,2,4,5,5,2,2,2012,Not Religious,Barack Obama
NA,NA,2,2,2,1,1,4,2,4,3,4,4,3,3,2012,Catholic,Barack Obama
NA,NA,4,NA,NA,NA,NA,NA,NA,NA,NA,NA,NA,NA,NA,2012,Catholic,NA
NA,NA,4,2,2,1,2,4,1,2,3,4,3,2,1,2012,Evangelical,NA
NA,NA,4,NA,NA,NA,NA,NA,NA,NA,NA,NA,NA,NA,NA,2012,Other Christian,NA
NA,NA,4,2,2,2,1,4,1,4,2,1,3,2,7,2012,Catholic,Mitt Romney
NA,NA,5,NA,NA,NA,NA,NA,NA,NA,NA,NA,NA,NA,NA,2012,Not Religious,NA
NA,NA,4,2,2,1,2,6,2,4,2,5,4,2,3,2012,Other Religion,Mitt Romney
NA,NA,2,NA,NA,NA,NA,NA,NA,NA,NA,NA,NA,NA,NA,2012,Not Religious,NA
NA,NA,2,2,2,1,1,4,1,1,3,4,4,4,1,2012,Evangelical,Barack Obama
NA,NA,4,2,2,2,1,4,4,5,2,4,4,2,4,2012,Mainline,NA
NA,NA,2,2,2,2,1,7,1,4,4,4,4,2,1,2012,Catholic,NA
NA,NA,2,1,1,2,1,5,4,4,2,4,5,2,4,2012,Evangelical,Mitt Romney
NA,NA,2,2,2,1,1,4,4,5,2,3,2,2,6,2012,Catholic,Barack Obama
NA,NA,2,2,2,2,1,4,4,2,3,4,4,2,4,2012,Jewish,Barack Obama
NA,NA,4,2,2,1,2,4,4,4,2,4,4,2,2,2012,Evangelical,Mitt Romney
NA,NA,5,2,2,2,1,6,2,2,3,3,3,3,1,2012,Evangelical,Barack Obama
NA,NA,4,2,2,2,2,6,4,6,3,4,4,2,4,2012,Evangelical,Mitt Romney
NA,NA,4,2,2,1,2,4,4,6,2,4,4,2,4,2012,Not Religious,NA
NA,NA,4,2,2,1,2,7,4,1,3,5,5,3,1,2012,Catholic,NA
NA,NA,4,1,2,2,1,4,4,4,2,4,3,2,4,2012,Not Religious,NA
NA,NA,5,1,1,2,1,6,4,4,3,4,4,2,4,2012,Not Religious,Barack Obama
NA,NA,1,2,1,1,1,1,1,1,3,5,5,1,4,2012,Catholic,NA
NA,NA,2,2,1,2,1,5,4,4,2,5,5,2,2,2012,Catholic,Barack Obama
NA,NA,2,1,1,2,1,4,1,4,2,4,5,2,4,2012,Evangelical,Mitt Romney
NA,NA,5,2,2,1,2,6,4,4,3,2,2,3,6,2012,Mainline,Mitt Romney
NA,NA,4,2,1,1,1,7,1,7,2,1,1,2,7,2012,Other Christian,Mitt Romney
NA,NA,4,NA,NA,NA,NA,NA,NA,NA,NA,NA,NA,NA,NA,2012,Catholic,NA
NA,NA,2,2,1,1,1,4,1,4,3,4,3,2,1,2012,Evangelical,Barack Obama
NA,NA,2,1,1,2,1,4,4,4,4,3,3,2,3,2012,Not Religious,Mitt Romney
NA,NA,4,NA,NA,NA,NA,NA,NA,NA,NA,NA,NA,NA,NA,2012,Catholic,NA
NA,NA,1,2,2,1,2,4,4,1,4,4,5,2,1,2012,Catholic,Barack Obama
NA,NA,5,1,2,2,2,5,2,6,3,5,3,4,4,2012,Catholic,NA
NA,NA,2,2,2,1,2,4,4,1,4,4,2,2,2,2012,Evangelical,Barack Obama
NA,NA,4,2,2,1,2,6,2,2,4,4,2,4,1,2012,Evangelical,Mitt Romney
NA,NA,2,NA,NA,NA,NA,NA,NA,NA,NA,NA,NA,NA,NA,2012,Catholic,NA
NA,NA,2,1,2,2,1,6,2,4,3,4,4,2,3,2012,Mainline,Barack Obama
NA,NA,4,2,2,1,1,4,1,7,1,4,4,2,4,2012,Other Christian,Mitt Romney
NA,NA,4,2,2,1,1,6,6,6,3,3,4,2,4,2012,Not Religious,Mitt Romney
NA,NA,5,2,1,2,2,5,4,4,3,4,4,3,2,2012,Mainline,Mitt Romney
NA,NA,4,2,2,1,2,6,1,6,2,3,3,2,4,2012,Evangelical,NA
NA,NA,2,1,2,2,1,4,2,4,3,4,4,2,2,2012,Mainline,NA
NA,NA,4,2,1,1,1,4,1,7,1,4,4,2,4,2012,Evangelical,Mitt Romney
NA,NA,4,2,2,1,1,6,1,5,2,5,2,1,4,2012,Other Christian,NA
NA,NA,2,1,1,2,1,4,4,4,2,4,5,2,2,2012,Evangelical,Barack Obama
NA,NA,4,1,2,2,1,1,1,1,2,1,NA,NA,NA,2012,Evangelical,Barack Obama
NA,NA,2,2,2,2,2,7,2,6,3,4,4,2,7,2012,Not Religious,Barack Obama
NA,NA,5,2,2,1,2,6,1,2,2,4,3,3,1,2012,Evangelical,Barack Obama
NA,NA,4,2,2,1,2,6,NA,4,2,5,4,2,2,2012,Mainline,Barack Obama
NA,NA,2,2,2,1,1,4,4,1,2,4,4,2,4,2012,Jewish,Barack Obama
NA,NA,2,1,1,1,2,4,4,4,2,4,4,2,2,2012,Catholic,Barack Obama
NA,NA,5,2,2,1,2,6,4,4,3,3,2,3,4,2012,Other Religion,Mitt Romney
NA,NA,2,2,2,1,1,4,1,4,2,2,3,2,2,2012,Evangelical,Mitt Romney
NA,NA,5,2,1,1,2,6,2,5,2,4,4,2,2,2012,Mainline,Barack Obama
NA,NA,5,2,1,2,1,6,2,7,1,3,4,2,4,2012,Other Christian,Mitt Romney
NA,NA,2,1,1,2,1,4,2,2,4,4,4,2,2,2012,Jewish,Mitt Romney
NA,NA,2,2,1,2,1,6,1,4,2,3,2,2,3,2012,Catholic,Barack Obama
NA,NA,1,1,2,2,1,6,4,4,3,4,4,2,3,2012,Not Religious,NA
NA,NA,5,2,2,1,1,4,4,2,3,4,3,2,2,2012,Mainline,Mitt Romney
NA,NA,4,2,2,1,1,7,1,1,2,4,4,2,1,2012,Mainline,NA
NA,NA,4,2,2,2,1,5,4,4,2,3,4,2,4,2012,Other Christian,Mitt Romney
NA,NA,5,2,2,1,1,5,3,1,2,4,4,2,1,2012,Evangelical,Barack Obama
NA,NA,4,1,2,2,1,5,3,3,2,4,4,2,3,2012,Evangelical,NA
NA,NA,5,2,2,1,2,6,1,4,2,1,1,2,7,2012,Evangelical,Mitt Romney
NA,NA,5,2,2,1,2,4,4,1,5,2,2,4,1,2012,Other Christian,Mitt Romney
NA,NA,5,2,2,1,1,6,6,4,3,3,3,3,4,2012,Catholic,Mitt Romney
NA,NA,4,2,2,1,1,7,1,1,4,4,3,4,1,2012,Mainline,Mitt Romney
NA,NA,2,2,2,1,2,6,1,4,3,4,3,2,3,2012,Evangelical,Barack Obama
NA,NA,2,NA,NA,NA,NA,NA,NA,NA,NA,NA,NA,NA,NA,2012,Catholic,NA
NA,NA,2,2,2,2,1,6,2,2,3,3,3,3,2,2012,Not Religious,Mitt Romney
NA,NA,4,1,1,2,1,7,1,4,2,2,4,3,2,2012,Not Religious,NA
NA,NA,4,2,2,1,1,7,1,4,2,4,4,2,4,2012,Catholic,NA
NA,NA,2,1,1,2,1,6,4,5,2,2,1,1,4,2012,Catholic,Mitt Romney
NA,NA,5,2,2,1,1,7,1,4,2,2,4,2,6,2012,Catholic,Mitt Romney
NA,NA,4,1,2,1,1,6,4,3,3,4,4,2,4,2012,Evangelical,Barack Obama
NA,NA,4,2,2,2,1,5,1,4,2,4,3,2,4,2012,Not Religious,NA
NA,NA,2,2,2,1,2,7,1,6,1,1,1,1,4,2012,Evangelical,NA
NA,NA,5,2,2,2,1,4,4,4,3,5,4,2,2,2012,Catholic,NA
NA,NA,2,2,2,2,1,4,4,2,5,4,3,4,1,2012,Not Religious,Barack Obama
NA,NA,5,1,1,1,1,5,3,7,3,2,4,2,4,2012,Evangelical,Mitt Romney
NA,NA,4,2,2,1,1,5,2,4,2,4,4,2,4,2012,Evangelical,Mitt Romney
NA,NA,2,2,2,1,1,7,4,3,3,5,4,2,2,2012,Evangelical,Other
NA,NA,2,2,2,1,2,1,4,4,1,5,5,1,4,2012,Other Christian,NA
NA,NA,5,2,2,1,2,6,1,5,1,2,2,2,6,2012,Other Christian,Mitt Romney
NA,NA,2,1,1,2,1,6,3,4,2,4,4,2,3,2012,Catholic,Barack Obama
NA,NA,4,2,2,1,2,7,1,7,1,1,1,1,6,2012,Not Religious,Mitt Romney
NA,NA,4,NA,NA,NA,NA,NA,NA,NA,NA,NA,NA,NA,NA,2012,Mainline,NA
NA,NA,4,2,1,1,1,7,2,4,3,3,4,3,2,2012,Not Religious,NA
NA,NA,5,1,1,2,1,6,1,4,3,4,4,3,4,2012,Evangelical,NA
NA,NA,4,2,2,1,1,6,2,5,2,3,4,2,4,2012,Mainline,Mitt Romney
NA,NA,2,2,1,2,1,6,6,4,3,3,3,3,2,2012,Catholic,Barack Obama
NA,NA,5,2,2,1,2,4,4,7,4,3,4,1,3,2012,Not Religious,Barack Obama
NA,NA,2,1,1,2,1,4,5,3,4,5,5,2,2,2012,Jewish,Barack Obama
NA,NA,2,2,2,1,2,6,1,4,2,4,5,2,1,2012,Evangelical,NA
NA,NA,4,1,2,1,1,1,1,4,3,3,3,3,4,2012,Catholic,Barack Obama
NA,NA,2,2,1,1,1,7,1,4,2,4,4,2,2,2012,Not Religious,NA
NA,NA,5,1,2,2,1,6,7,1,4,3,4,4,1,2012,Evangelical,NA
NA,NA,5,1,2,1,1,6,1,1,4,5,4,4,1,2012,Catholic,NA
NA,NA,5,2,2,1,1,6,1,4,3,3,2,3,4,2012,Evangelical,Mitt Romney
NA,NA,4,2,1,2,1,4,4,4,2,5,4,2,4,2012,Not Religious,Mitt Romney
NA,NA,4,1,2,2,1,5,4,4,3,4,4,2,3,2012,Catholic,Mitt Romney
NA,NA,4,2,2,1,2,4,4,4,2,3,3,3,4,2012,Evangelical,Mitt Romney
NA,NA,2,2,2,1,2,6,4,2,4,3,4,3,5,2012,Mainline,Barack Obama
NA,NA,2,2,2,1,1,4,2,4,3,2,2,2,4,2012,Catholic,Barack Obama
NA,NA,2,2,1,2,1,4,1,1,3,4,3,2,2,2012,Mainline,NA
NA,NA,2,1,1,2,1,4,4,4,3,4,4,2,3,2012,Not Religious,NA
NA,NA,5,2,2,1,2,6,1,4,2,2,4,2,6,2012,Other Religion,Mitt Romney
NA,NA,4,1,2,2,2,4,4,4,1,4,5,2,4,2012,Mainline,Barack Obama
NA,NA,4,2,2,1,1,7,1,1,3,4,4,2,2,2012,Other Christian,Barack Obama
NA,NA,4,2,1,1,1,6,6,7,1,4,3,2,4,2012,Not Religious,Mitt Romney
NA,NA,2,2,1,2,1,6,1,4,2,5,3,2,2,2012,Catholic,Barack Obama
NA,NA,2,2,2,2,1,4,4,4,3,4,4,3,2,2012,Not Religious,Barack Obama
NA,NA,4,2,2,1,2,5,2,2,4,5,4,2,1,2012,Evangelical,Barack Obama
NA,NA,4,2,2,1,1,4,4,4,2,4,4,2,4,2012,Not Religious,Barack Obama
NA,NA,2,2,2,1,2,7,1,4,2,4,4,2,4,2012,Catholic,Barack Obama
NA,NA,2,2,2,1,1,4,4,1,4,1,2,3,2,2012,Not Religious,Barack Obama
NA,NA,5,2,1,1,1,6,1,7,1,4,4,2,2,2012,Other Christian,Mitt Romney
NA,NA,4,2,2,2,1,6,1,2,2,4,3,2,4,2012,Other Religion,Mitt Romney
NA,NA,1,2,2,2,2,4,4,4,3,5,5,1,4,2012,Catholic,Barack Obama
NA,NA,4,2,2,1,2,6,2,5,2,3,2,2,2,2012,Other Christian,Barack Obama
NA,NA,4,2,2,1,2,4,4,2,3,3,4,2,1,2012,Catholic,Barack Obama
NA,NA,2,2,1,2,1,6,4,7,1,4,4,2,4,2012,Not Religious,Barack Obama
NA,NA,5,2,2,2,2,4,4,4,3,3,3,3,4,2012,Evangelical,NA
NA,NA,1,1,1,2,1,5,4,2,4,5,5,3,1,2012,Catholic,Barack Obama
NA,NA,4,2,2,1,2,5,4,2,3,4,4,2,2,2012,Jewish,Barack Obama
NA,NA,4,NA,NA,NA,NA,NA,NA,NA,NA,NA,NA,NA,NA,2012,Catholic,NA
NA,NA,4,2,2,1,1,4,1,1,4,5,4,4,1,2012,Mainline,Mitt Romney
NA,NA,2,2,2,2,2,7,1,7,1,2,1,2,4,2012,Other Religion,Mitt Romney
NA,NA,4,2,2,1,1,6,1,6,3,2,2,2,4,2012,Mainline,Mitt Romney
NA,NA,4,2,2,1,2,3,1,4,2,5,2,1,7,2012,Evangelical,Mitt Romney
NA,NA,4,1,1,1,2,6,3,3,3,4,4,3,2,2012,Not Religious,NA
NA,NA,2,1,1,2,1,4,4,2,4,5,5,2,1,2012,Mainline,Barack Obama
NA,NA,4,2,2,1,1,7,2,2,3,4,4,2,3,2012,Not Religious,NA
NA,NA,2,2,2,1,2,4,2,2,3,3,3,3,2,2012,Not Religious,Barack Obama
NA,NA,1,2,2,1,2,4,1,4,2,4,4,2,4,2012,Catholic,Barack Obama
NA,NA,1,2,1,1,1,6,1,4,2,2,3,2,4,2012,Mainline,Mitt Romney
NA,NA,2,2,1,1,1,5,4,1,4,4,5,2,1,2012,Evangelical,Barack Obama
NA,NA,2,2,2,1,1,6,2,4,2,4,3,2,6,2012,Other Religion,NA
NA,NA,4,1,2,1,1,4,4,6,1,4,3,2,4,2012,Evangelical,Mitt Romney
NA,NA,2,2,2,1,1,6,2,4,2,4,4,2,4,2012,Evangelical,Mitt Romney
NA,NA,2,2,1,1,1,7,1,1,4,4,4,4,1,2012,Evangelical,Barack Obama
NA,NA,5,2,1,1,1,4,4,1,4,5,2,4,1,2012,Mainline,Barack Obama
NA,NA,4,2,2,1,1,4,4,7,4,3,3,3,2,2012,Evangelical,NA
NA,NA,2,2,2,2,1,5,4,4,2,4,4,2,4,2012,Mainline,Barack Obama
NA,NA,4,NA,NA,NA,NA,NA,NA,NA,NA,NA,NA,NA,NA,2012,Other Christian,NA
NA,NA,2,2,2,1,1,6,2,4,2,4,4,2,3,2012,Catholic,Mitt Romney
NA,NA,2,NA,NA,NA,NA,NA,NA,NA,NA,NA,NA,NA,NA,2012,Evangelical,NA
NA,NA,2,2,1,1,1,4,4,2,4,5,4,3,2,2012,Mainline,Barack Obama
NA,NA,2,NA,NA,NA,NA,NA,NA,NA,NA,NA,NA,NA,NA,2012,Catholic,NA
NA,NA,NA,2,1,1,2,4,4,4,3,3,2,2,3,2012,Not Religious,NA
NA,NA,2,NA,NA,NA,NA,NA,NA,NA,NA,NA,NA,NA,NA,2012,Evangelical,NA
NA,NA,4,2,2,1,2,4,4,4,1,3,2,1,4,2012,Evangelical,NA
NA,NA,2,2,1,1,1,6,2,7,2,3,2,2,6,2012,Catholic,Mitt Romney
NA,NA,2,1,1,2,1,6,4,4,3,4,5,2,2,2012,Not Religious,Mitt Romney
NA,NA,2,2,1,2,2,4,4,4,2,5,5,2,4,2012,Not Religious,Mitt Romney
NA,NA,1,2,1,2,2,4,4,4,2,5,4,1,4,2012,Mainline,NA
NA,NA,1,2,2,1,2,6,2,2,3,4,3,3,2,2012,Evangelical,Barack Obama
NA,NA,4,2,2,1,2,7,1,6,2,3,3,1,4,2012,Catholic,Mitt Romney
NA,NA,5,2,2,1,1,6,4,4,2,5,2,2,4,2012,Not Religious,Mitt Romney
NA,NA,2,2,2,2,1,6,4,1,3,4,4,2,1,2012,Evangelical,Barack Obama
NA,NA,2,2,1,1,1,6,4,1,5,5,4,4,1,2012,Catholic,Barack Obama
NA,NA,4,1,2,1,1,4,2,4,2,4,4,2,2,2012,Catholic,Mitt Romney
NA,NA,2,2,1,2,2,4,4,2,3,4,4,2,1,2012,Catholic,Barack Obama
NA,NA,2,2,1,1,1,4,4,4,2,4,4,2,2,2012,Evangelical,Mitt Romney
NA,NA,5,2,1,2,1,6,4,4,3,4,4,2,1,2012,Not Religious,NA
NA,NA,2,2,1,2,1,7,1,1,4,4,4,4,1,2012,Evangelical,NA
NA,NA,2,2,2,1,2,6,1,3,2,5,5,2,4,2012,Other Christian,Barack Obama
NA,NA,2,2,2,1,1,4,4,4,3,4,4,2,2,2012,Mainline,Mitt Romney
NA,NA,2,1,2,1,1,6,1,6,2,4,3,2,4,2012,Other Religion,Mitt Romney
NA,NA,4,1,2,2,1,4,4,4,2,4,4,2,4,2012,Catholic,Mitt Romney
NA,NA,4,2,1,1,2,7,1,7,2,2,2,2,4,2012,Evangelical,Mitt Romney
NA,NA,2,2,1,1,1,7,1,1,4,5,4,4,1,2012,Evangelical,NA
NA,NA,4,2,2,1,1,6,4,2,3,4,3,2,1,2012,Evangelical,Barack Obama
NA,NA,4,2,2,1,2,4,1,7,1,4,2,1,4,2012,Evangelical,Mitt Romney
NA,NA,2,2,2,1,2,6,4,4,3,3,3,2,2,2012,Other Christian,Barack Obama
NA,NA,4,1,1,2,1,4,4,2,4,4,4,4,1,2012,Evangelical,Barack Obama
NA,NA,2,2,1,2,1,7,1,4,3,4,4,2,1,2012,Not Religious,Barack Obama
NA,NA,4,2,2,1,2,4,2,4,2,3,4,3,5,2012,Catholic,Mitt Romney
NA,NA,2,2,2,2,1,6,4,4,3,4,4,2,2,2012,Other Religion,Mitt Romney
NA,NA,2,2,2,1,2,5,3,4,1,2,4,1,4,2012,Mainline,Mitt Romney
NA,NA,5,1,1,2,1,4,1,7,1,1,1,1,7,2012,Not Religious,Mitt Romney
NA,NA,5,2,2,1,1,4,4,1,4,4,1,5,1,2012,Evangelical,Mitt Romney
NA,NA,2,1,1,2,1,4,2,2,2,5,4,2,2,2012,Catholic,NA
NA,NA,4,1,1,2,1,4,4,4,4,5,4,4,1,2012,Other Christian,Barack Obama
NA,NA,2,1,1,2,1,5,4,4,2,4,2,2,4,2012,Other Religion,Barack Obama
NA,NA,5,2,2,2,1,6,1,4,3,5,4,2,2,2012,Evangelical,Mitt Romney
NA,NA,4,2,2,2,1,6,4,7,2,4,4,2,4,2012,Catholic,Mitt Romney
NA,NA,4,2,2,2,2,6,4,4,2,4,4,2,3,2012,Other Religion,NA
NA,NA,5,1,2,2,1,7,1,4,2,4,3,2,4,2012,Catholic,Mitt Romney
NA,NA,4,2,2,1,2,7,1,4,1,2,2,2,4,2012,Not Religious,Mitt Romney
NA,NA,2,1,1,2,1,4,4,2,4,5,4,2,3,2012,Other Religion,Barack Obama
NA,NA,4,2,2,2,1,6,1,4,2,4,4,3,2,2012,Not Religious,Barack Obama
NA,NA,2,2,2,1,1,5,4,4,3,4,3,3,4,2012,Catholic,Barack Obama
NA,NA,2,2,2,1,2,7,1,1,4,4,2,2,4,2012,Catholic,NA
NA,NA,4,2,2,1,2,6,1,4,1,3,3,2,4,2012,Evangelical,Mitt Romney
NA,NA,5,NA,NA,NA,NA,NA,NA,NA,NA,NA,NA,NA,NA,2012,Other Christian,NA
NA,NA,2,1,1,2,1,4,4,4,3,4,4,2,2,2012,Not Religious,Barack Obama
NA,NA,4,2,2,1,1,6,2,7,2,4,4,2,2,2012,Catholic,Mitt Romney
NA,NA,2,1,1,2,1,4,6,2,4,5,5,4,1,2012,Jewish,Barack Obama
NA,NA,2,1,2,2,2,6,1,4,2,2,4,2,3,2012,Other Christian,Mitt Romney
NA,NA,5,2,1,1,1,4,4,4,3,4,4,2,3,2012,Other Christian,Mitt Romney
NA,NA,2,2,2,2,2,4,4,4,3,4,4,2,4,2012,Evangelical,Barack Obama
NA,NA,5,2,2,1,2,4,4,4,3,3,3,3,3,2012,Mainline,Mitt Romney
NA,NA,2,2,1,2,1,7,1,4,5,5,5,4,1,2012,Jewish,Barack Obama
NA,NA,4,1,1,2,1,5,3,3,3,4,3,2,4,2012,Catholic,NA
NA,NA,2,1,1,2,1,4,4,4,3,5,4,2,1,2012,Mainline,Barack Obama
NA,NA,2,2,1,1,1,6,4,4,2,4,4,3,3,2012,Catholic,Barack Obama
NA,NA,1,1,2,2,1,6,4,4,3,2,3,3,2,2012,Catholic,NA
NA,NA,2,2,1,1,1,4,4,4,3,4,3,4,2,2012,Black Protestant,Barack Obama
NA,NA,2,2,2,2,1,4,4,4,3,5,4,2,4,2012,Mainline,Barack Obama
NA,NA,2,2,1,2,1,4,4,7,2,4,4,2,4,2012,Other Religion,Mitt Romney
NA,NA,2,NA,NA,NA,NA,NA,NA,NA,NA,NA,NA,NA,NA,2012,Mainline,NA
NA,NA,4,2,2,1,2,6,2,4,1,4,2,1,4,2012,Evangelical,Mitt Romney
NA,NA,4,2,2,1,1,7,1,7,2,4,2,2,4,2012,Evangelical,Mitt Romney
NA,NA,4,2,2,1,1,7,2,5,1,4,4,1,4,2012,Catholic,Barack Obama
NA,NA,2,2,2,1,1,7,1,7,1,2,2,2,6,2012,Other Christian,Mitt Romney
NA,NA,2,1,1,2,1,5,4,3,3,4,4,3,2,2012,Other Religion,NA
NA,NA,NA,NA,NA,NA,NA,NA,NA,6,NA,3,3,3,NA,2012,NA,NA
NA,NA,2,2,2,2,2,6,2,2,4,3,3,3,2,2012,Mainline,Mitt Romney
NA,NA,4,2,2,2,2,6,1,2,2,4,4,2,2,2012,Mainline,Mitt Romney
NA,NA,2,2,2,1,2,6,2,2,4,4,4,2,3,2012,Mainline,NA
NA,NA,4,2,1,1,1,6,4,4,3,4,4,2,4,2012,Other Religion,Barack Obama
NA,NA,5,2,1,2,1,7,4,1,4,3,3,3,4,2012,Not Religious,Barack Obama
NA,NA,2,2,2,2,2,6,2,4,2,4,4,2,3,2012,Other Religion,Mitt Romney
NA,NA,5,2,2,1,1,4,4,4,2,3,2,2,4,2012,Jewish,Other
NA,NA,4,2,1,2,1,4,4,4,3,4,3,3,2,2012,Not Religious,Other
NA,NA,1,1,1,2,1,4,4,2,3,4,2,3,1,2012,Mainline,Barack Obama
NA,NA,1,1,2,2,1,6,4,4,3,4,4,2,2,2012,Not Religious,Barack Obama
NA,NA,4,2,1,2,1,4,4,4,2,3,3,3,4,2012,Evangelical,NA
NA,NA,2,2,1,2,1,4,4,4,3,4,5,2,2,2012,Catholic,Barack Obama
NA,NA,2,1,1,2,1,4,4,6,2,5,5,2,2,2012,Jewish,Barack Obama
NA,NA,2,2,2,2,1,7,1,1,4,2,4,2,1,2012,Catholic,Barack Obama
NA,NA,2,1,2,2,1,4,4,4,3,4,4,2,1,2012,Evangelical,Mitt Romney
NA,NA,5,1,2,1,1,6,2,2,3,4,4,2,2,2012,Mainline,Mitt Romney
NA,NA,4,2,2,1,2,4,3,4,3,5,5,3,1,2012,Evangelical,Mitt Romney
NA,NA,2,2,1,2,1,6,2,4,3,4,4,2,4,2012,Jewish,Barack Obama
NA,NA,4,2,1,1,1,4,7,7,2,2,2,2,3,2012,Mainline,Mitt Romney
NA,NA,2,2,2,1,2,6,2,4,2,4,4,2,4,2012,Evangelical,Barack Obama
NA,NA,4,NA,NA,NA,NA,NA,NA,NA,NA,NA,NA,NA,NA,2012,Evangelical,NA
NA,NA,2,2,2,1,2,4,6,1,2,5,3,2,2,2012,Catholic,Barack Obama
NA,NA,2,2,2,1,1,4,4,4,2,4,5,2,2,2012,Jewish,NA
NA,NA,4,1,1,2,1,7,1,7,1,2,2,2,4,2012,Evangelical,Mitt Romney
NA,NA,4,2,2,1,2,4,4,2,3,4,3,2,2,2012,Not Religious,NA
NA,NA,4,2,2,1,1,5,1,6,2,4,2,2,4,2012,Catholic,Mitt Romney
NA,NA,4,2,2,1,1,6,1,2,3,4,4,2,4,2012,Evangelical,Mitt Romney
NA,NA,5,1,2,2,1,4,1,4,3,4,2,2,2,2012,Not Religious,Mitt Romney
NA,NA,4,2,2,1,1,6,6,4,3,3,3,3,4,2012,Not Religious,Barack Obama
NA,NA,4,2,2,1,2,4,4,4,3,3,3,3,4,2012,Not Religious,NA
NA,NA,5,2,2,2,1,6,3,2,3,2,3,2,6,2012,Catholic,Mitt Romney
NA,NA,4,2,1,1,1,6,2,4,3,4,4,2,2,2012,Evangelical,Barack Obama
NA,NA,1,NA,NA,NA,NA,NA,NA,NA,NA,NA,NA,NA,NA,2012,Other Religion,NA
NA,NA,1,1,1,2,1,6,4,2,4,5,5,3,1,2012,Other Christian,Barack Obama
NA,NA,1,2,2,1,1,6,1,2,3,4,4,2,3,2012,Evangelical,NA
NA,NA,4,2,2,1,2,7,1,4,2,4,4,2,2,2012,Catholic,Mitt Romney
NA,NA,5,1,1,1,2,6,4,6,1,2,3,2,4,2012,Other Christian,Mitt Romney
NA,NA,4,1,1,2,1,4,2,2,3,4,5,3,2,2012,Catholic,Mitt Romney
NA,NA,2,2,1,1,1,4,1,1,4,5,4,4,1,2012,Other Christian,Barack Obama
NA,NA,4,2,1,1,2,4,4,4,2,4,4,2,4,2012,Not Religious,Barack Obama
NA,NA,2,2,2,2,2,4,4,4,3,4,4,2,2,2012,Other Christian,NA
NA,NA,2,1,2,2,1,4,6,4,3,5,5,4,2,2012,Catholic,NA
NA,NA,2,2,2,1,2,4,4,4,2,4,4,2,4,2012,Mainline,Other
NA,NA,1,1,1,2,2,4,2,6,1,2,4,1,6,2012,Not Religious,Mitt Romney
NA,NA,2,2,2,2,1,4,6,4,2,5,5,1,4,2012,Catholic,Mitt Romney
NA,NA,2,2,2,1,1,7,6,4,4,4,2,2,1,2012,Other Christian,Mitt Romney
NA,NA,2,2,2,2,1,4,4,2,3,5,4,2,4,2012,Black Protestant,NA
NA,NA,4,1,1,2,1,4,4,4,3,4,2,2,3,2012,Mainline,Barack Obama
NA,NA,4,1,2,2,1,6,4,6,2,4,4,2,3,2012,Catholic,Barack Obama
NA,NA,2,2,2,1,1,6,1,7,4,4,1,1,4,2012,Other Religion,Barack Obama
NA,NA,2,1,1,2,1,4,4,2,3,4,4,2,2,2012,Mainline,Barack Obama
NA,NA,2,1,1,2,1,4,4,4,2,4,4,2,4,2012,Mainline,Mitt Romney
NA,NA,1,1,1,2,1,4,4,4,3,4,4,2,2,2012,Mainline,Barack Obama
NA,NA,2,NA,NA,NA,NA,NA,NA,NA,NA,NA,NA,NA,NA,2012,Catholic,NA
NA,NA,2,2,2,2,2,4,5,2,3,5,4,3,2,2012,Not Religious,Barack Obama
NA,NA,2,2,2,2,2,5,3,4,3,4,3,2,4,2012,Not Religious,Mitt Romney
NA,NA,4,2,2,2,1,4,4,4,2,4,4,2,4,2012,Mainline,Mitt Romney
NA,NA,4,2,2,1,1,6,1,4,3,4,3,3,6,2012,Catholic,Mitt Romney
NA,NA,5,1,2,2,1,2,7,1,5,4,4,4,1,2012,Other Christian,Mitt Romney
NA,NA,2,1,1,2,1,7,1,7,2,2,2,1,4,2012,Other Religion,Mitt Romney
NA,NA,5,2,2,1,1,6,1,7,2,2,2,2,4,2012,Evangelical,NA
NA,NA,5,1,1,2,1,5,4,4,3,4,4,2,2,2012,Not Religious,Barack Obama
NA,NA,4,2,2,1,1,4,4,4,2,4,4,2,4,2012,Evangelical,Mitt Romney
NA,NA,4,2,2,1,1,4,4,1,4,4,4,3,1,2012,Catholic,Mitt Romney
NA,NA,4,2,1,2,1,6,1,1,4,4,4,4,3,2012,Mainline,Mitt Romney
NA,NA,1,2,1,1,1,7,1,1,4,5,3,3,1,2012,Evangelical,Barack Obama
NA,NA,2,2,2,2,1,4,4,5,2,4,4,2,2,2012,Evangelical,Mitt Romney
NA,NA,2,2,2,1,2,4,1,7,1,1,1,1,4,2012,Not Religious,Mitt Romney
NA,NA,1,NA,NA,NA,NA,NA,NA,NA,NA,NA,NA,NA,NA,2012,Catholic,NA
NA,NA,4,1,1,2,1,5,4,2,4,5,5,3,2,2012,Mainline,Barack Obama
NA,NA,2,1,1,2,1,4,2,4,3,5,4,3,2,2012,Mainline,Barack Obama
NA,NA,2,1,1,1,2,4,4,4,2,3,3,3,3,2012,Mainline,Barack Obama
NA,NA,4,2,2,1,1,6,2,2,2,2,2,2,4,2012,Evangelical,Mitt Romney
NA,NA,2,2,1,1,2,4,1,1,4,4,3,2,2,2012,Not Religious,Barack Obama
NA,NA,2,2,1,2,1,6,3,4,3,3,3,3,6,2012,Evangelical,NA
NA,NA,NA,1,2,1,1,4,4,4,2,3,3,1,4,2012,Other Christian,Barack Obama
NA,NA,2,2,2,1,1,6,4,4,3,3,3,2,3,2012,Catholic,Barack Obama
NA,NA,4,2,2,1,2,4,4,5,3,4,4,2,3,2012,Mainline,Mitt Romney
NA,NA,5,1,1,2,1,6,1,2,4,5,3,4,1,2012,Mainline,Barack Obama
NA,NA,2,2,2,1,1,4,4,1,4,3,4,3,1,2012,Evangelical,Mitt Romney
NA,NA,4,2,2,1,1,4,4,4,2,5,3,2,2,2012,Evangelical,Mitt Romney
NA,NA,2,NA,NA,NA,NA,NA,NA,NA,NA,NA,NA,NA,NA,2012,Evangelical,NA
NA,NA,5,2,2,2,1,6,2,4,2,4,4,2,3,2012,Not Religious,Mitt Romney
NA,NA,2,2,2,1,1,7,1,4,2,5,4,2,2,2012,Catholic,Barack Obama
NA,NA,2,NA,NA,NA,NA,NA,NA,NA,NA,NA,NA,NA,NA,2012,Not Religious,NA
NA,NA,2,2,1,1,2,4,4,4,2,5,4,1,6,2012,Not Religious,Mitt Romney
NA,NA,2,1,1,2,1,7,1,4,2,4,4,2,5,2012,Catholic,Barack Obama
NA,NA,2,1,2,2,1,6,4,4,2,4,4,2,4,2012,Catholic,Mitt Romney
NA,NA,4,2,2,2,1,6,1,5,1,2,4,2,6,2012,Not Religious,NA
NA,NA,2,1,2,2,1,6,2,4,3,3,4,2,3,2012,Evangelical,Barack Obama
NA,NA,2,2,2,1,2,2,1,2,3,3,4,2,1,2012,Black Protestant,Barack Obama
NA,NA,5,2,2,1,2,2,2,3,3,5,4,2,6,2012,Not Religious,Barack Obama
NA,NA,2,2,2,1,1,4,1,4,3,4,4,3,5,2012,Evangelical,Mitt Romney
NA,NA,4,2,1,1,2,2,2,6,3,3,3,3,6,2012,Catholic,Mitt Romney
NA,NA,4,2,1,1,1,6,2,4,3,4,4,2,2,2012,Catholic,Mitt Romney
NA,NA,1,2,2,1,1,4,1,2,4,4,4,2,2,2012,Mainline,Barack Obama
NA,NA,4,1,1,2,2,4,4,4,2,2,4,2,4,2012,Catholic,Mitt Romney
NA,NA,4,2,2,2,2,4,4,4,1,5,5,1,4,2012,Jewish,NA
NA,NA,4,2,2,1,2,4,4,1,3,4,4,2,1,2012,Catholic,NA
NA,NA,2,2,2,2,2,4,4,6,2,4,4,2,3,2012,Catholic,Mitt Romney
NA,NA,5,2,2,1,2,6,2,4,2,3,3,3,2,2012,Not Religious,Mitt Romney
NA,NA,4,2,2,1,1,6,1,4,2,2,4,2,4,2012,Catholic,Mitt Romney
NA,NA,4,2,2,1,1,4,2,2,2,5,4,2,2,2012,Jewish,Mitt Romney
NA,NA,2,2,2,1,1,7,1,4,3,4,4,2,2,2012,Evangelical,Barack Obama
NA,NA,2,2,2,1,1,6,4,4,2,4,4,2,6,2012,Catholic,Mitt Romney
NA,NA,2,2,1,2,1,4,4,2,3,4,4,3,3,2012,Mainline,Mitt Romney
NA,NA,4,2,2,1,2,4,4,4,3,4,3,2,1,2012,Catholic,Barack Obama
NA,NA,4,2,2,1,1,6,4,4,2,4,4,2,2,2012,Mainline,Mitt Romney
NA,NA,5,1,2,1,1,5,2,6,1,3,5,2,4,2012,Other Christian,NA
NA,NA,2,NA,NA,NA,NA,NA,NA,NA,NA,NA,NA,NA,NA,2012,Other Christian,NA
NA,NA,4,2,2,2,2,4,2,2,3,4,4,2,2,2012,Other Christian,Mitt Romney
NA,NA,2,2,2,2,1,5,1,4,2,4,2,2,4,2012,Catholic,Mitt Romney
NA,NA,2,2,2,2,1,4,4,2,2,4,4,2,3,2012,Catholic,Barack Obama
NA,NA,4,NA,NA,NA,NA,NA,NA,NA,NA,NA,NA,NA,NA,2012,Evangelical,NA
NA,NA,2,2,1,1,1,4,2,6,2,4,4,2,2,2012,Mainline,Mitt Romney
NA,NA,4,2,2,1,2,6,1,1,3,4,4,3,4,2012,Mainline,NA
NA,NA,4,2,1,2,1,7,4,2,3,5,4,2,2,2012,Mainline,Barack Obama
NA,NA,4,1,2,2,1,6,2,4,2,4,5,2,3,2012,Catholic,Mitt Romney
NA,NA,5,1,1,1,1,4,6,6,3,3,3,3,4,2012,Not Religious,NA
NA,NA,2,1,2,1,2,4,2,4,3,4,4,2,3,2012,Evangelical,Barack Obama
NA,NA,4,2,1,2,1,6,3,5,1,4,4,2,4,2012,Mainline,Mitt Romney
NA,NA,2,NA,NA,NA,NA,NA,NA,NA,NA,NA,NA,NA,NA,2012,Catholic,NA
NA,NA,2,2,2,1,2,4,4,4,2,4,4,2,1,2012,Evangelical,Barack Obama
NA,NA,2,2,2,1,2,6,2,2,3,4,3,3,4,2012,Catholic,Barack Obama
NA,NA,5,1,1,1,2,4,4,NA,1,NA,NA,3,6,2012,Other Christian,Mitt Romney
NA,NA,2,1,1,2,1,6,4,2,4,4,3,3,1,2012,Evangelical,NA
NA,NA,4,2,1,2,1,6,4,2,3,4,5,3,2,2012,Mainline,NA
NA,NA,4,1,1,2,1,6,5,6,1,2,2,2,6,2012,Evangelical,Mitt Romney
NA,NA,4,2,2,1,1,6,4,1,5,5,2,5,1,2012,Not Religious,Barack Obama
NA,NA,5,2,2,1,2,7,4,7,1,2,1,2,4,2012,Catholic,Mitt Romney
NA,NA,4,2,1,2,1,6,4,3,3,4,3,4,2,2012,Catholic,Mitt Romney
NA,NA,5,2,2,2,2,1,4,1,2,4,4,2,1,2012,Mainline,NA
NA,NA,2,2,2,1,2,6,5,4,3,4,4,2,4,2012,Mainline,Barack Obama
NA,NA,2,1,2,1,1,4,1,7,2,2,2,2,4,2012,Evangelical,Mitt Romney
NA,NA,4,2,1,1,2,6,1,4,3,5,4,2,4,2012,Not Religious,Barack Obama
NA,NA,4,2,2,1,1,6,2,4,2,3,3,3,6,2012,NA,NA
NA,NA,4,2,2,1,2,4,1,2,3,3,3,3,6,2012,Not Religious,NA
NA,NA,4,2,2,1,2,6,4,2,3,4,4,4,2,2012,Not Religious,NA
NA,NA,4,2,2,2,2,4,4,6,2,2,3,2,4,2012,Not Religious,Mitt Romney
NA,NA,4,2,2,1,2,7,2,4,2,4,4,2,2,2012,Catholic,Mitt Romney
NA,NA,2,2,2,1,1,4,4,4,2,4,4,2,4,2012,Catholic,Barack Obama
NA,NA,5,1,1,2,1,4,4,4,3,4,4,2,1,2012,NA,Barack Obama
NA,NA,5,2,2,2,1,7,1,1,3,5,4,4,1,2012,Mainline,NA
NA,NA,4,1,1,2,1,4,2,4,1,3,4,2,4,2012,Not Religious,NA
NA,NA,4,2,1,1,1,4,4,4,3,5,3,3,1,2012,Other Christian,Mitt Romney
NA,NA,5,2,2,2,2,6,1,1,1,3,4,2,2,2012,Catholic,Barack Obama
NA,NA,5,2,1,2,2,4,4,4,3,4,5,2,4,2012,Other Religion,Mitt Romney
NA,NA,2,2,1,1,2,6,2,1,2,5,4,2,1,2012,Catholic,Barack Obama
NA,NA,4,2,1,2,1,7,1,4,3,3,3,3,3,2012,Mainline,Mitt Romney
NA,NA,2,1,1,2,1,4,2,4,3,4,4,3,2,2012,Not Religious,Barack Obama
NA,NA,4,2,2,1,2,6,1,1,5,5,5,2,1,2012,Jewish,Mitt Romney
NA,NA,4,2,2,1,1,6,2,4,3,4,4,2,3,2012,Catholic,NA
NA,NA,4,2,2,1,2,4,1,4,2,2,3,2,3,2012,Evangelical,Barack Obama
NA,NA,4,2,1,2,1,7,1,4,3,4,3,2,4,2012,Not Religious,NA
NA,NA,4,2,2,1,2,5,2,4,2,4,3,2,4,2012,Evangelical,Mitt Romney
NA,NA,4,2,1,2,1,6,4,1,3,4,3,2,4,2012,Not Religious,Barack Obama
NA,NA,5,NA,NA,NA,NA,NA,NA,NA,NA,NA,NA,NA,NA,2012,Catholic,NA
NA,NA,2,2,2,1,1,7,2,1,4,5,4,4,1,2012,Catholic,Barack Obama
NA,NA,4,2,2,1,2,4,4,4,2,3,2,1,4,2012,Evangelical,Mitt Romney
NA,NA,2,1,1,2,2,4,4,4,3,4,4,2,2,2012,Not Religious,Barack Obama
NA,NA,4,2,1,2,1,5,4,4,3,5,5,2,4,2012,Not Religious,Barack Obama
NA,NA,2,2,2,1,1,5,1,7,2,4,2,2,4,2012,Other Religion,Mitt Romney
NA,NA,1,2,1,2,1,4,2,2,3,4,4,2,1,2012,Not Religious,Barack Obama
NA,NA,4,2,2,2,1,6,1,7,1,2,4,2,4,2012,Catholic,Mitt Romney
NA,NA,2,2,2,2,1,5,4,4,2,4,5,2,2,2012,Other Christian,Barack Obama
NA,NA,4,1,2,1,2,6,4,2,3,5,5,2,2,2012,Not Religious,NA
NA,NA,4,2,2,2,1,4,4,3,3,5,4,2,2,2012,Mainline,Barack Obama
NA,NA,2,2,2,1,1,4,4,4,3,4,3,2,2,2012,Evangelical,NA
NA,NA,4,2,2,1,1,6,2,6,2,4,4,2,4,2012,Mainline,Mitt Romney
NA,NA,4,1,1,2,1,6,4,2,3,5,4,3,1,2012,Not Religious,Barack Obama
NA,NA,2,1,1,2,1,4,4,3,3,4,4,4,2,2012,Not Religious,Barack Obama
NA,NA,2,NA,NA,NA,NA,NA,NA,NA,NA,NA,NA,NA,NA,2012,Evangelical,NA
NA,NA,2,NA,NA,NA,NA,NA,NA,NA,NA,NA,NA,NA,NA,2012,NA,NA
NA,NA,4,2,2,1,2,1,7,5,1,3,3,3,3,2012,Catholic,Mitt Romney
NA,NA,2,2,2,1,2,4,4,4,3,4,4,2,3,2012,Catholic,Barack Obama
NA,NA,4,2,2,1,1,4,4,4,2,4,4,2,4,2012,Jewish,Mitt Romney
NA,NA,4,2,2,1,1,5,2,4,3,4,4,2,3,2012,Evangelical,Barack Obama
NA,NA,4,2,2,2,2,4,1,1,4,4,3,4,1,2012,Other Religion,Barack Obama
NA,NA,4,2,2,1,1,7,1,2,3,4,3,3,2,2012,Other Christian,Mitt Romney
NA,NA,4,2,2,1,2,6,1,1,5,4,4,4,1,2012,Other Christian,Mitt Romney
NA,NA,4,2,2,2,2,4,4,4,2,4,2,2,2,2012,Evangelical,Barack Obama
NA,NA,4,2,1,1,1,4,4,4,2,5,4,2,4,2012,Not Religious,NA
NA,NA,5,2,2,1,1,7,1,4,3,4,3,2,4,2012,Other Christian,Mitt Romney
NA,NA,2,2,2,1,2,6,2,4,1,5,2,2,4,2012,Jewish,Barack Obama
NA,NA,5,2,2,1,2,4,4,4,2,3,4,2,4,2012,Mainline,NA
NA,NA,5,2,2,1,1,7,1,5,2,2,2,3,7,2012,Catholic,NA
NA,NA,4,2,2,1,2,4,1,7,1,2,2,2,4,2012,Jewish,Mitt Romney
NA,NA,2,2,1,1,1,6,4,1,4,5,5,4,1,2012,Catholic,Barack Obama
NA,NA,4,2,2,2,1,5,1,2,4,4,4,2,1,2012,Catholic,Mitt Romney
NA,NA,4,2,2,2,1,6,3,4,2,3,3,2,3,2012,Mainline,Barack Obama
NA,NA,4,2,2,1,2,6,2,4,3,3,3,3,2,2012,Evangelical,NA
NA,NA,2,NA,NA,NA,NA,NA,NA,NA,NA,NA,NA,NA,NA,2012,Catholic,NA
NA,NA,4,2,2,1,1,6,1,4,3,4,4,2,2,2012,Catholic,Mitt Romney
NA,NA,4,2,2,1,1,7,1,6,2,4,4,2,3,2012,Other Christian,Mitt Romney
NA,NA,4,2,2,2,2,4,1,4,3,2,3,2,2,2012,Evangelical,Mitt Romney
NA,NA,4,2,1,2,2,4,4,2,4,5,4,2,1,2012,Other Christian,Barack Obama
NA,NA,2,2,2,2,2,5,4,4,2,2,1,2,2,2012,Mainline,Mitt Romney
NA,NA,2,2,2,1,1,4,4,4,2,5,4,2,1,2012,Evangelical,NA
NA,NA,2,1,1,1,1,6,2,1,3,4,3,2,2,2012,Not Religious,NA
NA,NA,4,2,2,1,1,6,4,5,2,3,4,2,3,2012,Other Christian,NA
NA,NA,5,2,2,1,2,6,1,6,2,4,4,2,4,2012,Mainline,Mitt Romney
NA,NA,4,2,2,2,2,5,3,4,2,4,4,2,4,2012,Not Religious,NA
NA,NA,4,2,1,1,1,6,1,4,3,4,4,3,1,2012,Not Religious,Mitt Romney
NA,NA,2,NA,NA,NA,NA,NA,NA,NA,NA,NA,NA,NA,NA,2012,Evangelical,NA
NA,NA,4,2,2,1,1,7,3,7,1,2,2,2,7,2012,Catholic,Mitt Romney
NA,NA,2,2,2,2,1,7,2,4,2,4,4,2,4,2012,Not Religious,NA
NA,NA,4,2,1,2,1,2,4,2,3,4,4,3,1,2012,Catholic,Mitt Romney
NA,NA,4,2,2,1,1,4,4,4,3,4,4,2,1,2012,NA,Barack Obama
NA,NA,4,2,2,2,1,6,6,4,3,5,4,2,4,2012,Jewish,Barack Obama
NA,NA,2,1,1,2,1,5,4,3,2,4,5,2,1,2012,Catholic,NA
NA,NA,4,2,2,1,1,6,1,1,3,4,4,3,2,2012,Catholic,NA
NA,NA,2,1,1,2,1,6,2,2,3,4,4,2,2,2012,Not Religious,Other
NA,NA,2,2,1,2,1,5,4,3,3,5,5,2,3,2012,Mainline,Barack Obama
NA,NA,4,2,2,1,1,4,4,4,2,4,4,2,2,2012,Mainline,Mitt Romney
NA,NA,2,2,2,1,2,4,4,4,2,5,5,2,3,2012,Catholic,Mitt Romney
NA,NA,2,2,1,2,1,6,2,2,3,4,4,2,1,2012,Catholic,Barack Obama
NA,NA,2,2,2,1,2,4,4,4,1,3,2,1,4,2012,Evangelical,Barack Obama
NA,NA,2,2,2,2,1,4,2,4,3,5,3,3,1,2012,Not Religious,Barack Obama
NA,NA,2,2,1,1,1,7,2,5,2,3,2,2,3,2012,Mainline,NA
NA,NA,4,2,2,1,1,6,2,7,1,2,3,2,4,2012,Catholic,Mitt Romney
NA,NA,2,2,2,1,2,7,4,1,4,5,3,4,1,2012,Catholic,Barack Obama
NA,NA,4,1,1,1,1,1,1,1,1,5,5,1,1,2012,NA,NA
NA,NA,2,1,2,2,1,7,4,4,3,5,3,3,1,2012,Not Religious,Barack Obama
NA,NA,4,2,1,2,1,4,4,1,5,4,4,3,1,2012,Mainline,Barack Obama
NA,NA,2,2,2,1,1,4,4,6,2,5,5,2,3,2012,Evangelical,Mitt Romney
NA,NA,2,1,1,2,1,6,6,4,4,4,4,4,2,2012,Not Religious,Barack Obama
NA,NA,4,2,2,1,1,4,3,4,3,4,4,2,2,2012,Other Christian,Barack Obama
NA,NA,2,2,2,1,2,7,1,4,2,4,3,2,4,2012,Catholic,Mitt Romney
NA,NA,1,1,1,2,1,4,1,2,3,5,5,1,4,2012,Jewish,NA
NA,NA,4,2,1,2,2,7,1,2,3,4,4,3,5,2012,Not Religious,Barack Obama
NA,NA,4,2,1,1,1,4,4,4,2,4,5,2,4,2012,Not Religious,Barack Obama
NA,NA,2,NA,NA,NA,NA,NA,NA,NA,NA,NA,NA,NA,NA,2012,Other Christian,NA
NA,NA,4,1,2,1,1,6,1,4,3,5,4,4,2,2012,Catholic,Mitt Romney
NA,NA,2,NA,NA,NA,NA,NA,NA,NA,NA,NA,NA,NA,NA,2012,Other Christian,NA
NA,NA,2,1,2,1,1,6,5,4,3,4,4,2,1,2012,Mainline,Barack Obama
NA,NA,4,1,1,2,1,4,4,4,1,3,3,1,4,2012,Not Religious,Mitt Romney
NA,NA,4,1,1,2,1,4,4,4,2,3,4,2,2,2012,Catholic,Mitt Romney
NA,NA,4,2,2,1,1,6,2,2,3,3,2,3,1,2012,Evangelical,Mitt Romney
NA,NA,2,2,2,1,2,7,4,4,2,2,4,2,4,2012,Not Religious,NA
NA,NA,4,2,2,2,1,6,1,4,2,3,4,2,2,2012,Other Christian,Mitt Romney
NA,NA,2,1,2,2,1,5,2,3,2,3,4,2,2,2012,Mainline,NA
NA,NA,4,2,1,2,1,4,2,5,2,3,4,2,4,2012,Other Christian,NA
NA,NA,5,2,2,1,2,4,4,4,2,5,3,3,2,2012,Other Christian,Mitt Romney
NA,NA,4,1,2,2,1,6,4,4,3,4,3,2,4,2012,NA,Other
NA,NA,2,2,1,2,1,4,4,2,4,4,4,2,1,2012,Not Religious,Barack Obama
NA,NA,2,2,2,1,1,6,2,4,3,4,3,3,1,2012,Mainline,Barack Obama
NA,NA,4,1,1,1,1,7,1,4,2,4,4,2,4,2012,Not Religious,Barack Obama
NA,NA,2,1,1,2,1,5,4,4,3,4,4,2,2,2012,Mainline,Barack Obama
NA,NA,4,2,2,2,2,4,4,4,2,2,4,1,4,2012,Not Religious,NA
NA,NA,2,2,2,2,1,2,4,3,1,2,2,3,4,2012,Evangelical,Barack Obama
NA,NA,2,2,2,1,2,4,4,4,3,4,4,2,4,2012,Evangelical,Barack Obama
NA,NA,2,2,2,1,2,4,4,4,3,2,NA,2,2,2012,Evangelical,NA
NA,NA,2,1,1,2,1,6,4,4,2,3,2,2,4,2012,Mainline,Mitt Romney
NA,NA,4,2,2,2,1,6,1,2,3,4,4,3,1,2012,Evangelical,Barack Obama
NA,NA,4,2,1,2,1,4,4,5,2,3,4,2,4,2012,Evangelical,Other
NA,NA,2,2,2,1,2,4,4,2,5,2,4,4,1,2012,Other Christian,Barack Obama
NA,NA,5,2,2,2,1,5,4,4,5,3,2,2,2,2012,Catholic,Mitt Romney
NA,NA,4,2,2,1,1,6,2,4,3,4,2,4,3,2012,Evangelical,Mitt Romney
NA,NA,4,2,2,2,1,4,4,1,3,3,2,3,2,2012,Catholic,Mitt Romney
NA,NA,4,2,2,2,1,6,1,4,2,2,3,2,3,2012,Other Religion,Mitt Romney
NA,NA,2,2,2,1,2,7,1,5,3,5,4,3,4,2012,NA,Mitt Romney
NA,NA,4,2,2,1,1,6,1,4,2,3,2,2,4,2012,Other Christian,Mitt Romney
NA,NA,NA,1,1,2,1,5,4,2,3,5,5,2,2,2012,Not Religious,Barack Obama
NA,NA,2,1,1,2,1,4,2,6,2,4,2,1,4,2012,Catholic,Mitt Romney
NA,NA,2,2,2,1,1,6,2,4,2,4,3,2,4,2012,Catholic,Barack Obama
NA,NA,4,2,2,2,1,4,4,4,2,4,4,2,2,2012,Jewish,NA
NA,NA,4,2,2,2,1,6,4,4,2,4,4,2,5,2012,Not Religious,Other
NA,NA,5,2,2,2,2,6,4,4,2,4,4,2,4,2012,Other Religion,NA
NA,NA,4,2,2,2,1,6,2,4,2,2,3,2,3,2012,Mainline,Mitt Romney
NA,NA,2,2,2,1,2,4,4,4,3,4,3,3,2,2012,Evangelical,Barack Obama
NA,NA,5,2,2,1,2,7,1,7,2,1,1,2,4,2012,Mainline,Mitt Romney
NA,NA,1,1,1,2,1,5,4,2,4,4,5,2,3,2012,Not Religious,NA
NA,NA,4,2,1,2,1,4,4,4,2,4,4,2,3,2012,Other Christian,Barack Obama
NA,NA,2,2,1,2,1,4,2,2,5,4,4,2,2,2012,Evangelical,NA
NA,NA,2,2,1,2,1,4,4,4,2,5,5,2,3,2012,Not Religious,Barack Obama
NA,NA,4,2,2,1,2,7,1,7,1,1,1,1,4,2012,Catholic,Mitt Romney
NA,NA,2,2,2,2,1,4,2,5,2,3,4,1,4,2012,Other Christian,Mitt Romney
NA,NA,5,2,2,1,1,6,1,4,3,4,4,2,2,2012,Evangelical,Mitt Romney
NA,NA,2,1,1,2,1,4,4,4,3,4,5,2,2,2012,Not Religious,Barack Obama
NA,NA,5,1,2,2,2,4,1,4,2,4,4,2,3,2012,Mainline,Mitt Romney
NA,NA,5,2,1,2,1,4,4,2,3,4,5,2,3,2012,Other Religion,Barack Obama
NA,NA,NA,2,1,2,1,4,3,4,2,4,4,2,4,2012,Mainline,Barack Obama
NA,NA,2,2,1,2,1,4,4,4,2,4,4,2,5,2012,Not Religious,Barack Obama
NA,NA,4,2,1,2,2,5,4,6,2,4,4,2,4,2012,Evangelical,Mitt Romney
NA,NA,2,2,2,1,2,6,1,6,1,2,3,3,4,2012,Not Religious,NA
NA,NA,2,2,2,1,2,6,1,4,2,2,2,2,4,2012,Other Christian,Mitt Romney
NA,NA,4,1,1,2,1,4,4,4,3,2,3,1,4,2012,Catholic,Mitt Romney
NA,NA,4,2,1,2,1,6,4,4,2,4,4,2,3,2012,Not Religious,NA
NA,NA,4,2,1,2,1,6,4,4,3,4,5,2,2,2012,Not Religious,Barack Obama
NA,NA,2,1,1,2,1,4,4,4,2,5,5,2,4,2012,Jewish,Barack Obama
NA,NA,4,NA,NA,NA,NA,NA,NA,NA,NA,NA,NA,NA,NA,2012,Not Religious,NA
NA,NA,4,2,2,2,2,4,2,2,3,4,3,3,1,2012,Evangelical,Mitt Romney
NA,NA,2,2,2,1,2,6,1,1,3,4,4,2,1,2012,Catholic,Barack Obama
NA,NA,2,2,2,1,1,4,4,4,2,4,4,2,4,2012,Mainline,Barack Obama
NA,NA,1,2,2,1,2,4,4,1,4,4,5,2,2,2012,Evangelical,Barack Obama
NA,NA,5,2,2,2,1,4,4,4,2,4,4,2,3,2012,Not Religious,NA
NA,NA,4,2,1,2,1,4,4,7,1,1,2,2,4,2012,Not Religious,Mitt Romney
NA,NA,2,2,2,1,2,4,4,1,3,3,4,2,4,2012,Catholic,Mitt Romney
NA,NA,2,2,1,2,2,6,1,4,3,4,3,2,6,2012,Other Religion,Barack Obama
NA,NA,4,2,2,1,2,4,4,4,3,4,5,2,2,2012,Evangelical,Other
NA,NA,2,2,2,1,2,4,4,2,3,5,4,2,1,2012,Catholic,Barack Obama
NA,NA,1,NA,NA,NA,NA,NA,NA,NA,NA,NA,NA,NA,NA,2012,Catholic,NA
NA,NA,5,1,1,1,1,7,4,1,4,4,3,3,2,2012,Not Religious,Barack Obama
NA,NA,4,2,2,1,1,6,1,4,2,4,4,2,2,2012,Evangelical,NA
NA,NA,4,2,2,2,2,4,4,4,2,4,4,2,4,2012,Catholic,Mitt Romney
NA,NA,4,2,2,1,2,6,6,4,2,3,4,2,4,2012,Evangelical,Barack Obama
NA,NA,4,1,1,2,1,4,4,4,4,4,4,2,2,2012,Not Religious,Barack Obama
NA,NA,2,2,2,1,1,7,1,4,2,4,4,2,3,2012,Mainline,Mitt Romney
NA,NA,4,2,1,2,1,6,2,4,3,4,4,2,1,2012,Other Christian,NA
NA,NA,4,1,2,2,1,4,4,4,3,3,3,3,4,2012,Other Religion,NA
NA,NA,2,2,2,2,1,4,4,4,2,4,4,2,3,2012,Mainline,NA
NA,NA,2,2,2,1,1,4,4,4,3,3,4,3,2,2012,Mainline,NA
NA,NA,1,1,1,2,1,4,4,4,4,4,4,3,1,2012,Jewish,Barack Obama
NA,NA,2,2,2,2,1,6,3,4,2,4,4,2,3,2012,Not Religious,NA
NA,NA,2,2,2,1,1,4,4,6,1,3,2,2,4,2012,Catholic,NA
NA,NA,4,2,2,1,1,4,2,4,2,4,4,3,2,2012,Evangelical,Mitt Romney
NA,NA,4,2,2,2,2,4,4,4,3,5,4,2,2,2012,Catholic,Mitt Romney
NA,NA,5,2,2,2,1,7,1,4,2,1,2,2,2,2012,Other Christian,Mitt Romney
NA,NA,4,2,2,1,1,6,2,4,2,4,4,2,3,2012,Catholic,NA
NA,NA,1,2,2,2,1,7,2,7,2,2,1,2,4,2012,Not Religious,NA
NA,NA,2,NA,NA,NA,NA,NA,NA,NA,NA,NA,NA,NA,NA,2012,Catholic,NA
NA,NA,2,2,1,2,1,4,2,4,3,3,4,3,3,2012,Mainline,Mitt Romney
NA,NA,4,1,1,2,1,6,2,7,2,4,4,2,4,2012,Other Christian,Mitt Romney
NA,NA,2,1,1,2,1,5,4,4,3,4,4,2,2,2012,Not Religious,Barack Obama
NA,NA,1,2,1,2,1,6,4,4,2,3,5,2,3,2012,Catholic,Barack Obama
NA,NA,4,2,2,1,1,7,4,4,3,4,4,2,2,2012,Mainline,Mitt Romney
NA,NA,5,2,2,1,2,4,2,2,4,4,2,3,2,2012,Catholic,NA
NA,NA,2,2,2,1,1,6,2,7,2,2,4,2,4,2012,Evangelical,Mitt Romney
NA,NA,2,2,2,1,1,6,4,4,2,4,4,2,3,2012,Catholic,NA
NA,NA,2,1,2,1,1,4,4,4,3,3,2,3,4,2012,Catholic,Barack Obama
NA,NA,4,2,2,1,1,7,1,4,2,3,2,2,4,2012,Other Religion,Mitt Romney
NA,NA,2,NA,NA,NA,NA,NA,NA,NA,NA,NA,NA,NA,NA,2012,Jewish,NA
NA,NA,4,2,2,2,1,4,4,1,5,5,5,4,1,2012,Mainline,Barack Obama
NA,NA,4,2,2,2,2,6,2,4,3,4,4,2,2,2012,Not Religious,Mitt Romney
NA,NA,2,2,2,1,1,6,7,6,2,3,3,3,6,2012,Catholic,Mitt Romney
NA,NA,5,2,1,1,1,5,4,5,1,4,1,2,4,2012,Evangelical,Mitt Romney
NA,NA,4,2,1,2,2,4,4,4,2,4,5,2,2,2012,Catholic,Mitt Romney
NA,NA,5,1,1,2,1,4,4,4,2,3,5,2,3,2012,Not Religious,Barack Obama
NA,NA,2,1,1,2,2,2,2,2,2,4,4,2,6,2012,Not Religious,Barack Obama
NA,NA,4,2,1,1,1,4,4,4,2,5,4,2,4,2012,Not Religious,Mitt Romney
NA,NA,4,2,1,1,2,6,1,4,2,4,2,2,4,2012,Evangelical,Mitt Romney
NA,NA,2,1,1,1,1,6,2,2,3,4,3,2,2,2012,Mainline,Mitt Romney
NA,NA,2,2,2,1,1,6,4,6,2,3,3,2,3,2012,Not Religious,Barack Obama
NA,NA,2,1,1,2,1,4,4,4,3,5,5,2,2,2012,Evangelical,Barack Obama
NA,NA,1,2,2,1,1,6,2,2,3,4,4,4,1,2012,Mainline,Barack Obama
NA,NA,4,2,2,2,2,4,1,4,2,4,4,2,4,2012,Other Christian,Mitt Romney
NA,NA,4,2,2,1,2,6,2,4,1,4,4,2,4,2012,Mainline,Mitt Romney
NA,NA,2,1,1,2,1,4,4,6,2,2,2,2,4,2012,Mainline,NA
NA,NA,4,2,1,1,1,7,1,7,1,4,4,2,4,2012,Not Religious,Mitt Romney
NA,NA,2,2,2,1,1,4,4,2,3,4,4,3,2,2012,Catholic,Barack Obama
NA,NA,4,2,2,1,1,4,5,4,2,4,4,2,2,2012,Mainline,Mitt Romney
NA,NA,2,2,2,1,2,5,4,2,3,4,4,2,2,2012,Jewish,Barack Obama
NA,NA,4,NA,NA,NA,NA,NA,NA,NA,NA,NA,NA,NA,NA,2012,Evangelical,NA
NA,NA,2,1,1,2,1,5,3,4,2,4,4,1,5,2012,Catholic,NA
NA,NA,2,1,1,2,1,6,4,4,3,4,4,2,2,2012,Not Religious,Barack Obama
NA,NA,2,2,2,1,2,4,4,4,1,5,4,2,1,2012,NA,Barack Obama
NA,NA,4,2,2,1,2,7,1,7,1,2,2,2,4,2012,Mainline,Mitt Romney
NA,NA,5,2,2,1,2,7,2,4,2,4,4,2,4,2012,Catholic,Barack Obama
NA,NA,2,2,2,1,2,4,1,2,3,3,3,3,1,2012,Not Religious,Mitt Romney
NA,NA,4,2,2,1,1,4,2,4,2,3,3,2,4,2012,Mainline,Mitt Romney
NA,NA,4,1,2,2,1,4,4,2,2,4,4,2,4,2012,Not Religious,NA
NA,NA,2,2,2,1,1,4,4,6,3,5,4,3,1,2012,Other Religion,Barack Obama
NA,NA,4,2,1,1,2,4,4,4,2,4,3,2,4,2012,Other Christian,Mitt Romney
NA,NA,5,2,2,1,1,7,6,4,3,3,4,2,2,2012,Other Religion,NA
NA,NA,4,2,2,1,1,6,1,5,2,4,4,2,4,2012,Catholic,Mitt Romney
NA,NA,2,2,2,2,1,4,3,4,3,4,4,2,3,2012,Not Religious,Mitt Romney
NA,NA,2,1,1,2,1,5,4,4,2,4,4,2,4,2012,Not Religious,NA
NA,NA,5,2,1,2,1,5,2,5,2,4,3,2,4,2012,Not Religious,Mitt Romney
NA,NA,2,2,2,1,1,4,4,2,3,4,4,2,2,2012,Not Religious,Barack Obama
NA,NA,4,2,1,1,2,6,2,4,2,5,4,2,3,2012,Mainline,Mitt Romney
NA,NA,2,2,2,2,1,4,4,2,3,4,4,2,2,2012,Not Religious,NA
NA,NA,4,2,2,1,2,4,4,4,2,3,4,2,4,2012,Mainline,Barack Obama
NA,NA,4,2,1,2,1,5,2,6,2,4,3,2,2,2012,Mainline,Mitt Romney
NA,NA,4,2,1,2,1,4,4,4,2,4,4,2,3,2012,Catholic,Mitt Romney
NA,NA,2,1,1,2,1,5,4,2,3,5,4,2,1,2012,Not Religious,Barack Obama
NA,NA,2,2,1,2,1,6,4,4,2,4,3,2,4,2012,Evangelical,Mitt Romney
NA,NA,4,1,1,2,1,6,1,4,2,1,2,3,4,2012,Other Christian,Mitt Romney
NA,NA,NA,1,1,2,1,6,4,1,5,5,4,3,1,2012,Not Religious,Barack Obama
NA,NA,2,2,2,1,2,6,2,7,2,4,4,2,4,2012,Other Christian,Mitt Romney
NA,NA,4,2,2,1,2,7,2,4,1,3,2,1,4,2012,Evangelical,Mitt Romney
NA,NA,2,2,2,1,2,4,1,2,2,4,4,2,4,2012,Catholic,NA
NA,NA,2,2,2,1,1,7,1,1,3,5,5,2,1,2012,Jewish,Barack Obama
NA,NA,2,2,2,1,2,4,4,1,3,5,3,2,4,2012,Evangelical,Barack Obama
NA,NA,4,1,1,2,1,4,4,4,3,4,4,3,2,2012,Mainline,Mitt Romney
NA,NA,2,1,2,1,2,6,4,2,4,5,4,4,1,2012,Other Christian,Barack Obama
NA,NA,4,2,2,1,2,6,4,1,4,4,2,2,3,2012,Evangelical,NA
NA,NA,5,NA,NA,NA,NA,NA,NA,NA,NA,NA,NA,NA,NA,2012,Other Christian,NA
NA,NA,2,2,2,2,1,4,4,4,3,4,3,2,4,2012,Other Religion,Mitt Romney
NA,NA,4,NA,NA,NA,NA,NA,NA,NA,NA,NA,NA,NA,NA,2012,Evangelical,NA
NA,NA,2,2,2,1,1,7,1,2,3,4,4,2,2,2012,Not Religious,Barack Obama
NA,NA,1,2,2,1,1,4,4,1,2,4,4,2,6,2012,Catholic,Barack Obama
NA,NA,5,2,2,1,2,5,4,1,4,5,4,2,1,2012,Other Christian,Mitt Romney
NA,NA,2,2,2,2,1,4,1,4,2,2,3,2,4,2012,Mainline,NA
NA,NA,2,2,1,1,1,4,4,2,4,5,5,2,1,2012,Other Christian,Barack Obama
NA,NA,2,2,2,2,1,6,4,4,2,4,4,2,2,2012,Mainline,Barack Obama
NA,NA,NA,2,2,1,2,6,4,2,4,3,3,4,4,2012,Black Protestant,NA
NA,NA,4,2,2,2,1,7,1,2,3,4,4,2,4,2012,Other Christian,Barack Obama
NA,NA,2,1,1,2,1,6,4,2,3,5,4,2,4,2012,Mainline,Barack Obama
NA,NA,NA,2,1,2,1,4,4,1,4,NA,4,NA,2,2012,Mainline,Barack Obama
NA,NA,2,2,2,2,1,4,4,4,2,3,4,1,5,2012,Not Religious,Mitt Romney
NA,NA,2,2,2,1,2,7,1,4,3,4,4,2,4,2012,Mainline,Barack Obama
NA,NA,2,2,2,1,2,4,4,4,1,3,3,2,2,2012,Mainline,Barack Obama
NA,NA,4,2,2,1,1,4,2,4,1,4,4,2,4,2012,Mainline,Mitt Romney
NA,NA,1,1,2,1,2,1,1,1,1,1,5,1,2,2012,Evangelical,Barack Obama
NA,NA,2,2,2,1,2,4,4,2,3,5,4,3,3,2012,Other Christian,Barack Obama
NA,NA,2,2,2,1,2,4,4,2,4,5,5,3,1,2012,Evangelical,Barack Obama
NA,NA,2,2,1,2,1,4,4,4,2,5,4,1,4,2012,Not Religious,NA
NA,NA,2,2,2,1,1,6,4,4,2,4,3,2,5,2012,Other Christian,Mitt Romney
NA,NA,4,2,1,1,1,7,1,7,2,2,4,2,5,2012,Other Christian,Mitt Romney
NA,NA,4,2,2,1,1,7,1,4,3,3,4,2,4,2012,Catholic,Mitt Romney
NA,NA,5,2,1,1,1,6,1,7,1,2,2,2,4,2012,Jewish,Mitt Romney
NA,NA,4,2,2,1,1,4,4,4,3,4,4,2,5,2012,Other Religion,NA
NA,NA,2,2,2,1,2,6,1,4,2,3,4,2,1,2012,Catholic,Other
NA,NA,5,2,2,1,2,7,1,7,1,1,1,2,7,2012,NA,Mitt Romney
NA,NA,2,NA,NA,NA,NA,NA,NA,NA,NA,NA,NA,NA,NA,2012,Mainline,NA
NA,NA,2,1,1,2,1,4,4,4,3,4,4,2,2,2012,Jewish,Barack Obama
NA,NA,2,2,2,1,2,6,1,4,2,4,4,2,1,2012,Other Christian,Barack Obama
NA,NA,5,2,2,1,1,6,2,4,2,3,4,2,4,2012,Catholic,Mitt Romney
NA,NA,2,2,1,1,1,5,4,4,3,5,5,2,2,2012,Catholic,Barack Obama
NA,NA,4,1,1,1,2,4,4,4,2,3,4,2,4,2012,Evangelical,Mitt Romney
NA,NA,4,2,2,1,1,6,1,4,3,3,2,2,4,2012,Evangelical,Mitt Romney
NA,NA,2,2,1,1,1,4,2,2,4,4,4,2,2,2012,Mainline,Barack Obama
NA,NA,2,2,2,1,2,4,4,4,3,5,5,2,2,2012,Black Protestant,NA
NA,NA,4,2,2,2,1,4,1,4,2,4,4,2,4,2012,Evangelical,Mitt Romney
NA,NA,4,2,2,1,2,5,1,6,1,2,4,3,4,2012,Mainline,Mitt Romney
NA,NA,4,2,1,2,1,6,4,4,2,4,3,2,2,2012,Mainline,Mitt Romney
NA,NA,4,NA,NA,NA,NA,NA,NA,NA,NA,NA,NA,NA,NA,2012,Catholic,NA
NA,NA,5,2,2,1,2,4,4,4,3,4,4,3,1,2012,Other Christian,NA
NA,NA,4,NA,NA,NA,NA,NA,NA,NA,NA,NA,NA,NA,NA,2012,Other Christian,NA
NA,NA,2,2,1,2,1,4,4,1,4,4,4,3,1,2012,Not Religious,Barack Obama
NA,NA,4,2,2,1,2,4,4,3,4,4,2,3,6,2012,Evangelical,Mitt Romney
NA,NA,4,2,1,1,1,6,2,5,2,2,4,2,4,2012,Not Religious,Mitt Romney
NA,NA,5,2,1,2,2,7,1,4,2,4,4,2,3,2012,Mainline,Mitt Romney
NA,NA,4,2,2,1,2,6,2,4,1,1,2,1,6,2012,Other Religion,Mitt Romney
NA,NA,1,2,2,1,2,4,2,4,3,4,5,3,4,2012,Evangelical,Barack Obama
NA,NA,4,2,1,2,2,4,4,6,1,3,4,2,4,2012,Mainline,NA
NA,NA,5,NA,NA,NA,NA,NA,NA,NA,NA,NA,NA,NA,NA,2012,Mainline,NA
NA,NA,2,2,2,1,1,6,2,4,2,4,3,1,4,2012,Other Christian,Mitt Romney
NA,NA,4,2,2,2,1,6,2,2,3,4,4,2,2,2012,Jewish,Barack Obama
NA,NA,2,2,2,1,1,4,1,1,4,5,3,4,1,2012,Evangelical,Barack Obama
NA,NA,4,2,2,1,1,4,1,6,2,4,4,2,4,2012,Mainline,Mitt Romney
NA,NA,4,2,2,1,2,4,1,1,5,5,4,2,1,2012,Evangelical,NA
NA,NA,2,2,2,1,2,6,2,1,5,4,4,4,1,2012,Other Christian,Barack Obama
NA,NA,2,2,2,1,2,6,4,3,3,5,4,2,3,2012,Catholic,Barack Obama
NA,NA,2,1,2,2,1,4,2,2,4,5,4,3,2,2012,Mainline,Barack Obama
NA,NA,1,2,2,1,2,6,4,1,4,4,4,2,1,2012,Evangelical,NA
NA,NA,5,1,1,2,1,6,4,2,5,5,2,4,7,2012,Mainline,Mitt Romney
NA,NA,4,2,1,2,1,6,2,3,3,4,4,2,2,2012,Not Religious,Mitt Romney
NA,NA,4,2,2,1,2,4,2,1,4,5,2,3,2,2012,Other Christian,Barack Obama
NA,NA,2,2,2,2,1,2,4,2,2,4,4,3,3,2012,Catholic,Barack Obama
NA,NA,4,2,2,1,1,4,4,2,4,5,2,3,1,2012,Mainline,Mitt Romney
NA,NA,4,2,2,2,1,7,3,4,3,4,4,2,4,2012,Evangelical,Barack Obama
NA,NA,5,2,2,2,2,4,3,4,2,4,2,2,1,2012,Other Christian,Mitt Romney
NA,NA,4,2,1,1,1,4,4,4,1,4,4,2,4,2012,Not Religious,Mitt Romney
NA,NA,1,2,2,1,1,4,3,6,3,4,4,2,4,2012,Catholic,NA
NA,NA,2,1,2,1,2,4,2,2,3,5,4,3,1,2012,Mainline,Barack Obama
NA,NA,2,2,2,1,2,4,4,4,3,3,4,2,1,2012,Not Religious,Barack Obama
NA,NA,2,2,2,2,2,4,4,4,2,4,4,2,4,2012,Catholic,Mitt Romney
NA,NA,2,2,2,1,1,6,2,3,2,4,4,2,4,2012,Mainline,Mitt Romney
NA,NA,2,2,2,1,2,4,4,4,1,4,2,2,3,2012,Catholic,Barack Obama
NA,NA,2,1,2,1,2,7,1,2,3,4,4,4,4,2012,Catholic,Barack Obama
NA,NA,5,1,2,2,1,5,4,1,5,5,5,4,1,2012,Not Religious,Barack Obama
NA,NA,5,1,2,2,1,4,3,4,2,4,4,2,4,2012,Catholic,Mitt Romney
NA,NA,5,2,2,1,2,6,2,2,3,4,4,3,4,2012,Not Religious,NA
NA,NA,5,2,2,2,2,7,4,2,3,4,4,3,1,2012,Not Religious,NA
NA,NA,5,2,2,1,2,5,4,6,2,2,2,2,4,2012,Other Christian,Barack Obama
NA,NA,2,2,1,2,1,4,4,4,2,4,4,2,2,2012,Mainline,Mitt Romney
NA,NA,5,2,2,1,2,4,2,4,2,3,4,2,4,2012,Mainline,Mitt Romney
NA,NA,2,1,1,1,1,6,4,1,4,5,4,4,1,2012,Catholic,Barack Obama
NA,NA,NA,2,2,1,1,7,4,2,3,4,3,3,1,2012,Other Religion,Barack Obama
NA,NA,5,2,1,2,1,6,1,4,3,2,3,2,4,2012,Mainline,Mitt Romney
NA,NA,4,2,2,2,1,4,4,4,2,4,2,2,4,2012,Catholic,NA
NA,NA,2,2,1,2,2,7,4,4,3,5,4,2,1,2012,Not Religious,Barack Obama
NA,NA,4,2,2,1,1,7,1,6,2,4,3,2,4,2012,Mainline,Mitt Romney
NA,NA,2,1,2,2,1,7,1,5,3,4,3,3,4,2012,Not Religious,Barack Obama
NA,NA,4,1,1,2,1,4,4,4,2,4,4,2,4,2012,Mainline,Mitt Romney
NA,NA,4,2,2,1,2,4,1,7,3,3,4,3,2,2012,Other Religion,NA
NA,NA,4,2,2,1,1,4,2,4,2,4,3,1,3,2012,Catholic,Mitt Romney
NA,NA,2,2,1,2,2,6,1,4,3,2,3,3,4,2012,Not Religious,NA
NA,NA,4,2,2,1,1,4,4,4,3,4,4,2,2,2012,Mainline,Mitt Romney
NA,NA,1,2,2,2,1,4,2,4,2,4,4,2,2,2012,Catholic,Barack Obama
NA,NA,2,2,2,1,2,4,1,2,3,5,5,4,1,2012,Mainline,Barack Obama
NA,NA,4,NA,NA,NA,NA,NA,NA,NA,NA,NA,NA,NA,NA,2012,Other Christian,NA
NA,NA,2,2,2,2,1,4,4,2,3,5,4,2,3,2012,Evangelical,NA
NA,NA,4,NA,NA,NA,NA,NA,NA,NA,NA,NA,NA,NA,NA,2012,Other Religion,NA
NA,NA,4,1,2,2,1,6,4,4,3,4,4,2,2,2012,Not Religious,Barack Obama
NA,NA,4,2,2,1,2,6,4,7,1,2,2,1,5,2012,Catholic,Other
NA,NA,2,2,1,2,1,4,4,3,3,4,3,3,2,2012,Catholic,Barack Obama
NA,NA,2,1,1,2,1,6,2,4,3,4,4,2,6,2012,Catholic,Barack Obama
NA,NA,2,2,2,1,2,4,4,4,3,3,3,3,4,2012,Catholic,Mitt Romney
NA,NA,2,1,2,2,1,4,3,5,2,4,2,2,5,2012,Evangelical,Mitt Romney
NA,NA,4,NA,NA,NA,NA,NA,NA,NA,NA,NA,NA,NA,NA,2012,Evangelical,NA
NA,NA,4,2,2,1,1,4,4,4,2,5,5,NA,3,2012,Other Christian,Mitt Romney
NA,NA,2,2,1,1,1,4,4,4,3,4,4,2,2,2012,Catholic,Mitt Romney
NA,NA,4,2,2,1,2,6,4,4,3,3,4,2,4,2012,Other Christian,Mitt Romney
NA,NA,2,1,1,2,1,5,4,2,4,4,4,4,2,2012,Not Religious,Barack Obama
NA,NA,2,2,2,2,1,4,2,3,3,4,4,2,3,2012,Catholic,Barack Obama
NA,NA,1,2,1,1,1,6,2,1,3,4,2,4,1,2012,Mainline,Barack Obama
NA,NA,5,2,2,1,2,7,1,4,2,4,4,2,4,2012,Mainline,Mitt Romney
NA,NA,4,2,2,1,1,6,2,2,3,3,3,2,2,2012,Mainline,Mitt Romney
NA,NA,4,2,2,1,2,6,2,1,3,4,4,2,4,2012,Mainline,Mitt Romney
NA,NA,4,2,2,1,2,5,4,7,2,2,3,2,4,2012,Other Christian,Mitt Romney
NA,NA,NA,2,2,1,2,4,1,4,3,3,4,3,2,2012,Mainline,NA
NA,NA,5,2,2,1,2,6,4,6,2,3,3,2,4,2012,Not Religious,Mitt Romney
NA,NA,4,2,2,2,2,6,1,2,3,4,2,3,5,2012,Mainline,Mitt Romney
NA,NA,4,2,1,2,2,4,4,4,3,5,3,2,2,2012,Not Religious,Barack Obama
NA,NA,2,1,1,2,1,6,3,2,3,4,4,2,2,2012,Not Religious,NA
NA,NA,1,2,2,2,1,6,4,4,3,4,5,2,2,2012,Catholic,Barack Obama
NA,NA,1,1,2,2,1,4,4,2,3,4,3,2,5,2012,Not Religious,Barack Obama
NA,NA,4,2,2,1,2,6,1,2,3,4,4,2,2,2012,Other Religion,NA
NA,NA,1,2,2,2,2,6,3,4,2,4,4,2,3,2012,Catholic,NA
NA,NA,4,2,2,1,2,4,4,1,3,3,3,3,4,2012,NA,NA
NA,NA,2,2,2,1,2,4,4,4,3,3,3,2,4,2012,Not Religious,Barack Obama
NA,NA,2,2,2,1,1,6,5,4,3,4,4,2,2,2012,Not Religious,Barack Obama
NA,NA,4,1,1,2,1,6,4,2,3,4,4,2,2,2012,Not Religious,Barack Obama
NA,NA,2,2,1,2,1,6,4,1,4,4,4,3,1,2012,Not Religious,Barack Obama
NA,NA,4,2,2,2,1,7,2,3,3,4,4,2,6,2012,Catholic,Barack Obama
NA,NA,5,NA,NA,NA,NA,NA,NA,NA,NA,NA,NA,NA,NA,2012,Mainline,NA
NA,NA,4,2,1,1,1,7,2,4,2,2,2,3,3,2012,Evangelical,Mitt Romney
NA,NA,2,2,2,2,1,7,4,4,1,2,4,2,4,2012,Catholic,Mitt Romney
NA,NA,4,2,2,1,1,7,1,2,3,4,4,3,2,2012,Other Religion,NA
NA,NA,4,2,1,2,1,5,2,2,2,4,2,2,3,2012,Catholic,Barack Obama
NA,NA,2,2,2,2,1,4,4,4,2,4,4,2,4,2012,Not Religious,Barack Obama
NA,NA,4,2,1,1,1,6,1,4,2,4,4,2,2,2012,Not Religious,Barack Obama
NA,NA,2,2,2,1,1,4,4,2,4,5,5,2,3,2012,Other Christian,Barack Obama
NA,NA,2,1,1,2,1,7,2,2,3,5,3,3,3,2012,Not Religious,Barack Obama
NA,NA,2,2,2,1,2,4,2,4,2,3,3,2,3,2012,Catholic,Mitt Romney
NA,NA,2,1,1,2,1,4,4,4,2,3,3,3,3,2012,Not Religious,Barack Obama
NA,NA,4,2,1,1,2,7,4,4,2,5,5,1,5,2012,Not Religious,Mitt Romney
NA,NA,2,1,1,2,1,4,1,2,3,4,4,2,4,2012,Catholic,Mitt Romney
NA,NA,1,2,2,1,1,4,4,6,3,3,3,3,3,2012,Evangelical,Barack Obama
NA,NA,4,2,1,1,1,4,4,1,4,4,4,3,2,2012,Evangelical,Barack Obama
NA,NA,2,2,1,2,2,6,4,4,1,5,4,2,4,2012,Evangelical,Barack Obama
NA,NA,4,1,1,2,2,6,2,4,3,4,4,2,2,2012,Not Religious,Barack Obama
NA,NA,4,2,1,2,2,6,2,4,2,3,3,3,6,2012,Not Religious,Mitt Romney
NA,NA,4,2,2,2,1,4,1,6,2,4,4,2,4,2012,Evangelical,Mitt Romney
NA,NA,4,2,2,2,1,4,4,6,2,2,4,2,4,2012,Mainline,Mitt Romney
NA,NA,2,2,2,1,2,4,5,2,4,3,3,2,2,2012,Evangelical,Barack Obama
NA,NA,2,2,2,1,1,7,1,4,2,4,3,1,4,2012,Other Religion,NA
NA,NA,4,2,2,2,1,4,4,2,3,2,3,3,2,2012,Not Religious,Mitt Romney
NA,NA,2,2,2,2,1,4,4,4,2,3,4,2,3,2012,Catholic,NA
NA,NA,4,2,2,1,1,6,2,4,2,4,4,2,3,2012,Evangelical,Barack Obama
NA,NA,4,2,2,1,1,4,4,2,3,3,2,3,2,2012,Evangelical,Barack Obama
NA,NA,2,2,2,2,2,6,6,7,3,4,5,2,4,2012,Catholic,Barack Obama
NA,NA,4,2,1,2,1,4,4,4,2,4,4,2,2,2012,Catholic,Barack Obama
NA,NA,2,2,2,1,2,7,2,4,2,4,4,2,4,2012,Not Religious,Mitt Romney
NA,NA,5,2,1,2,1,6,1,7,3,2,2,2,4,2012,Evangelical,Mitt Romney
NA,NA,2,1,2,2,1,7,2,2,3,4,4,2,2,2012,Evangelical,NA
NA,NA,5,2,2,1,1,7,1,1,5,5,1,4,1,2012,Catholic,Barack Obama
NA,NA,5,2,2,1,1,7,1,4,2,2,2,2,4,2012,Catholic,Mitt Romney
NA,NA,1,2,2,1,1,6,2,2,1,2,2,4,4,2012,Not Religious,Mitt Romney
NA,NA,4,2,2,1,2,4,1,6,3,3,3,4,1,2012,Evangelical,NA
NA,NA,5,2,2,1,2,7,7,1,5,5,4,4,1,2012,Not Religious,NA
NA,NA,5,2,2,1,1,4,4,4,3,4,4,2,2,2012,Catholic,Mitt Romney
NA,NA,4,2,2,1,2,5,2,4,2,2,3,2,4,2012,Evangelical,NA
NA,NA,4,2,1,1,1,4,4,1,3,4,5,2,3,2012,Not Religious,Barack Obama
NA,NA,4,2,2,2,1,5,4,4,3,4,4,2,2,2012,Catholic,NA
NA,NA,4,2,2,1,2,4,4,4,2,3,4,3,2,2012,Mainline,Barack Obama
NA,NA,2,2,2,1,2,6,2,4,3,5,4,2,4,2012,Black Protestant,Barack Obama
NA,NA,4,NA,NA,NA,NA,NA,NA,NA,NA,NA,NA,NA,NA,2012,Mainline,NA
NA,NA,4,2,1,2,2,6,1,5,2,2,2,2,4,2012,Evangelical,Mitt Romney
NA,NA,4,2,2,1,1,4,1,4,2,3,4,2,3,2012,Not Religious,Mitt Romney
NA,NA,2,2,2,1,1,6,1,2,3,4,3,4,1,2012,Other Christian,Barack Obama
NA,NA,5,2,2,1,1,6,4,4,1,4,4,2,2,2012,Other Christian,Mitt Romney
NA,NA,5,2,2,1,2,7,1,6,1,2,3,2,4,2012,Evangelical,Mitt Romney
NA,NA,2,2,1,1,1,6,2,4,2,4,4,2,4,2012,Other Christian,Barack Obama
NA,NA,2,2,1,1,2,4,2,2,4,4,4,2,4,2012,Not Religious,Mitt Romney
NA,NA,4,2,2,2,1,6,2,4,3,3,3,2,2,2012,Catholic,Mitt Romney
NA,NA,4,NA,NA,NA,NA,NA,NA,NA,NA,NA,NA,NA,NA,2012,Evangelical,NA
NA,NA,5,2,2,1,1,7,1,2,3,3,2,2,2,2012,Catholic,NA
NA,NA,2,NA,NA,NA,NA,NA,NA,NA,NA,NA,NA,NA,NA,2012,Not Religious,NA
NA,NA,2,2,2,1,1,4,4,6,2,3,4,2,5,2012,Other Christian,NA
NA,NA,1,2,1,2,1,4,4,1,3,5,4,3,1,2012,Mainline,Barack Obama
NA,NA,5,2,1,2,2,5,4,4,4,3,5,1,1,2012,Not Religious,NA
NA,NA,5,2,2,1,2,7,1,1,4,5,2,4,1,2012,Other Christian,Mitt Romney
NA,NA,5,2,2,2,1,7,1,2,4,4,4,4,1,2012,Other Religion,NA
NA,NA,5,2,2,2,1,6,4,5,3,4,4,3,3,2012,Evangelical,Barack Obama
NA,NA,4,2,2,1,2,6,4,4,2,3,4,2,4,2012,Mainline,Mitt Romney
NA,NA,4,2,1,1,2,6,1,2,5,2,3,3,4,2012,Other Religion,Mitt Romney
NA,NA,2,2,2,1,2,4,1,1,3,5,4,4,2,2012,NA,Barack Obama
NA,NA,2,2,1,2,1,4,4,4,2,4,4,2,2,2012,Jewish,Barack Obama
NA,NA,2,2,2,1,2,7,1,6,2,NA,NA,NA,5,2012,Evangelical,NA
NA,NA,4,2,2,2,1,4,4,4,2,4,4,2,4,2012,Not Religious,Barack Obama
NA,NA,2,2,2,2,1,4,1,2,3,5,4,3,1,2012,Catholic,Mitt Romney
NA,NA,2,2,1,2,1,4,4,1,3,4,5,2,2,2012,Catholic,Barack Obama
NA,NA,1,2,1,2,1,4,4,4,3,4,4,2,2,2012,Evangelical,Barack Obama
NA,NA,4,1,2,1,1,6,4,4,3,2,3,3,6,2012,Mainline,Barack Obama
NA,NA,5,2,2,2,1,6,1,6,2,1,2,2,4,2012,Other Religion,Mitt Romney
NA,NA,4,NA,NA,NA,NA,NA,NA,NA,NA,NA,NA,NA,NA,2012,Other Christian,NA
NA,NA,2,2,2,1,1,6,2,4,3,4,4,2,3,2012,Evangelical,Mitt Romney
NA,NA,2,2,1,2,1,4,4,2,3,4,4,2,2,2012,Evangelical,Barack Obama
NA,NA,2,2,2,2,1,4,4,4,3,5,4,2,2,2012,Not Religious,NA
NA,NA,2,NA,NA,NA,NA,NA,NA,NA,NA,NA,NA,NA,NA,2012,Mainline,NA
NA,NA,4,2,2,1,1,4,2,6,2,4,2,2,6,2012,Evangelical,Mitt Romney
NA,NA,4,NA,NA,NA,NA,NA,NA,NA,NA,NA,NA,NA,NA,2012,Not Religious,NA
NA,NA,4,1,2,2,1,4,4,3,2,4,4,2,3,2012,Other Christian,NA
NA,NA,2,2,2,1,2,7,1,1,4,4,3,4,1,2012,Evangelical,Mitt Romney
NA,NA,4,2,1,1,1,5,3,7,1,2,4,2,3,2012,Other Christian,Mitt Romney
NA,NA,2,2,2,1,1,6,4,2,4,1,4,3,1,2012,Catholic,Barack Obama
NA,NA,4,2,2,1,2,6,2,4,3,4,4,2,2,2012,Not Religious,Barack Obama
NA,NA,2,2,2,1,2,7,1,6,2,4,3,2,1,2012,Evangelical,Barack Obama
NA,NA,2,2,2,2,1,6,1,4,2,2,4,2,4,2012,Catholic,Barack Obama
NA,NA,4,2,2,1,1,4,4,4,3,3,4,2,3,2012,Mainline,Mitt Romney
NA,NA,2,1,2,2,1,6,4,4,3,4,4,2,2,2012,Other Religion,Barack Obama
NA,NA,2,NA,NA,NA,NA,4,4,2,3,5,5,2,4,2012,Mainline,Barack Obama
NA,NA,5,1,2,1,2,4,2,1,5,5,4,3,2,2012,Not Religious,NA
NA,NA,2,2,2,2,1,5,2,4,3,4,4,2,3,2012,Evangelical,Mitt Romney
NA,NA,4,2,1,1,1,6,2,4,3,4,5,2,1,2012,Mainline,Barack Obama
NA,NA,NA,2,1,1,1,6,2,1,3,5,4,2,1,2012,Evangelical,Barack Obama
NA,NA,4,2,2,2,2,7,7,2,3,3,4,2,1,2012,Evangelical,NA
NA,NA,2,2,1,1,2,4,4,4,2,3,4,2,4,2012,Mainline,Mitt Romney
NA,NA,4,2,1,2,1,6,1,3,3,5,4,2,1,2012,Not Religious,Barack Obama
NA,NA,1,NA,NA,NA,NA,NA,NA,NA,NA,NA,NA,NA,NA,2012,Not Religious,NA
NA,NA,2,2,2,2,1,5,3,1,5,4,4,4,1,2012,Mainline,Barack Obama
NA,NA,5,2,2,1,1,7,7,4,3,4,3,2,4,2012,Catholic,Mitt Romney
NA,NA,4,2,1,2,1,4,4,4,2,4,4,2,4,2012,Not Religious,Mitt Romney
NA,NA,1,2,2,1,2,4,4,4,2,2,4,2,4,2012,Evangelical,Barack Obama
NA,NA,2,2,1,2,1,4,4,4,4,5,4,3,2,2012,Not Religious,Barack Obama
NA,NA,4,2,2,2,1,4,4,6,3,4,3,2,4,2012,Catholic,Mitt Romney
NA,NA,4,1,1,2,1,6,4,4,2,4,4,2,4,2012,Not Religious,Mitt Romney
NA,NA,4,2,2,1,1,6,3,1,3,4,2,2,3,2012,Mainline,NA
NA,NA,4,1,1,1,2,6,2,4,2,4,4,2,4,2012,Not Religious,Barack Obama
NA,NA,5,1,1,2,1,6,1,1,4,5,5,4,1,2012,Catholic,Mitt Romney
NA,NA,4,2,1,2,1,6,4,1,5,4,4,4,1,2012,Mainline,Barack Obama
NA,NA,2,2,1,1,1,4,4,2,3,5,4,2,2,2012,Not Religious,Barack Obama
NA,NA,2,2,2,1,2,7,4,4,4,4,2,4,4,2012,Evangelical,Barack Obama
NA,NA,1,2,2,1,2,6,1,2,4,4,4,2,3,2012,Evangelical,Barack Obama
NA,NA,4,1,2,2,1,5,1,6,2,4,4,2,4,2012,Not Religious,Barack Obama
NA,NA,2,2,2,1,1,5,1,4,3,4,4,3,4,2012,Other Christian,Mitt Romney
NA,NA,4,1,2,2,2,6,4,4,3,4,3,2,4,2012,Evangelical,Barack Obama
NA,NA,2,2,2,1,2,6,6,6,4,3,4,5,6,2012,Evangelical,Barack Obama
NA,NA,2,2,2,1,2,4,4,4,1,4,4,2,4,2012,Evangelical,NA
NA,NA,2,2,2,1,2,7,1,6,2,4,2,3,4,2012,Evangelical,Mitt Romney
NA,NA,2,1,2,2,1,4,4,7,2,4,4,2,3,2012,Catholic,Mitt Romney
NA,NA,4,2,2,2,1,7,1,4,2,5,2,2,3,2012,Other Christian,Mitt Romney
NA,NA,2,2,2,1,2,6,4,4,3,3,3,2,2,2012,Catholic,Barack Obama
NA,NA,5,2,2,1,2,6,1,5,1,3,2,2,4,2012,Other Christian,Mitt Romney
NA,NA,4,2,2,2,2,6,5,4,3,4,3,3,2,2012,Not Religious,Barack Obama
NA,NA,4,2,1,NA,1,6,4,4,3,4,4,2,3,2012,Other Christian,NA
NA,NA,5,2,1,1,1,4,4,3,1,2,3,3,6,2012,Catholic,Mitt Romney
NA,NA,2,1,2,1,2,6,4,1,2,4,1,4,1,2012,Evangelical,Barack Obama
NA,NA,1,NA,NA,NA,NA,NA,NA,NA,NA,NA,NA,NA,NA,2012,Mainline,NA
NA,NA,1,1,1,1,1,7,2,2,3,3,4,2,2,2012,Catholic,Barack Obama
NA,NA,2,2,1,2,1,6,4,4,2,4,4,2,4,2012,Mainline,Barack Obama
NA,NA,2,2,1,1,2,6,6,4,2,4,4,2,3,2012,Not Religious,Barack Obama
NA,NA,2,2,2,1,1,6,1,2,2,4,4,2,4,2012,Not Religious,Barack Obama
NA,NA,2,2,2,2,2,6,4,4,2,4,3,3,3,2012,Not Religious,NA
NA,NA,2,2,2,1,1,6,4,4,3,4,2,2,2,2012,Not Religious,NA
NA,NA,2,2,1,2,1,7,1,1,4,5,4,3,2,2012,Mainline,Barack Obama
NA,NA,2,1,1,2,2,6,4,4,2,2,3,2,2,2012,Not Religious,Other
NA,NA,2,2,2,1,1,4,3,1,3,4,4,2,1,2012,Mainline,Barack Obama
NA,NA,5,1,2,2,2,7,1,4,3,4,4,2,3,2012,Mainline,NA
NA,NA,4,2,2,1,2,6,1,7,2,2,2,2,4,2012,NA,Mitt Romney
NA,NA,5,2,2,1,1,7,1,2,3,4,4,3,1,2012,Mainline,NA
NA,NA,4,2,2,1,2,6,7,4,3,2,3,3,2,2012,Not Religious,Barack Obama
NA,NA,2,2,2,1,2,4,4,1,2,5,2,2,2,2012,Evangelical,Barack Obama
NA,NA,2,2,1,2,1,6,4,2,3,5,4,2,3,2012,Not Religious,Barack Obama
NA,NA,4,2,2,1,1,4,4,4,2,5,4,4,2,2012,Catholic,Mitt Romney
NA,NA,2,2,2,1,1,4,2,4,2,4,5,2,4,2012,Evangelical,Barack Obama
NA,NA,4,2,2,2,1,6,NA,6,3,4,3,2,6,2012,Catholic,NA
NA,NA,4,2,2,2,1,4,4,2,3,4,3,2,4,2012,Mainline,Barack Obama
NA,NA,4,2,1,2,2,6,4,4,3,4,4,4,1,2012,Mainline,Mitt Romney
NA,NA,4,2,2,2,2,7,4,7,1,2,2,2,6,2012,Evangelical,Other
NA,NA,1,2,2,1,1,4,2,5,3,5,4,2,2,2012,Evangelical,NA
NA,NA,5,2,2,2,1,6,1,2,3,3,3,4,1,2012,Not Religious,Barack Obama
NA,NA,2,NA,NA,NA,NA,NA,NA,NA,NA,NA,NA,NA,NA,2012,Not Religious,NA
NA,NA,4,2,2,1,1,6,4,4,3,5,3,3,1,2012,Mainline,Mitt Romney
NA,NA,2,NA,NA,NA,NA,NA,NA,NA,NA,NA,NA,NA,NA,2012,Other Religion,NA
NA,NA,2,1,2,2,1,4,4,4,3,4,4,2,4,2012,Evangelical,Barack Obama
NA,NA,5,2,2,1,2,6,1,4,3,5,4,2,1,2012,Mainline,Barack Obama
NA,NA,5,1,1,1,1,6,2,4,2,4,4,2,1,2012,Mainline,Mitt Romney
NA,NA,4,2,2,1,2,4,4,5,1,3,3,2,4,2012,NA,Mitt Romney
NA,NA,4,2,2,2,2,4,4,2,4,3,4,2,3,2012,Not Religious,Other
NA,NA,5,2,1,1,2,6,2,5,2,4,4,2,4,2012,Other Christian,Mitt Romney
NA,NA,1,1,1,2,1,5,3,4,3,5,5,3,4,2012,Mainline,Barack Obama
NA,NA,5,2,1,1,1,5,1,7,1,4,2,1,4,2012,Evangelical,Mitt Romney
NA,NA,4,2,2,1,1,6,4,4,3,3,3,3,1,2012,Catholic,NA
NA,NA,2,2,1,2,1,6,4,4,3,5,4,2,4,2012,Not Religious,Barack Obama
NA,NA,2,2,1,2,1,4,4,6,2,2,2,4,2,2012,Catholic,NA
NA,NA,4,2,2,2,1,7,1,7,4,3,4,2,4,2012,Catholic,Mitt Romney
NA,NA,2,2,1,2,1,6,4,4,3,4,4,2,3,2012,Not Religious,Barack Obama
NA,NA,5,2,2,1,1,6,4,4,2,2,4,2,4,2012,Other Religion,Mitt Romney
NA,NA,5,2,2,1,2,7,1,1,5,1,4,3,1,2012,Mainline,Barack Obama
NA,NA,2,2,2,1,2,6,2,4,2,4,4,3,4,2012,Evangelical,Mitt Romney
NA,NA,2,2,1,2,1,4,4,4,3,3,2,3,3,2012,Black Protestant,Barack Obama
NA,NA,5,2,2,2,1,4,4,1,3,4,2,2,1,2012,Not Religious,Mitt Romney
NA,NA,2,2,2,1,2,7,4,2,3,3,4,3,2,2012,Evangelical,Barack Obama
NA,NA,4,2,2,1,1,6,1,6,1,3,2,2,4,2012,Mainline,Mitt Romney
NA,NA,4,2,2,1,1,6,1,6,2,4,4,2,4,2012,Evangelical,Mitt Romney
NA,NA,4,2,1,2,1,7,1,2,3,4,4,2,2,2012,Evangelical,Mitt Romney
NA,NA,4,2,2,2,1,6,4,7,1,3,3,2,4,2012,Not Religious,Mitt Romney
NA,NA,4,2,2,2,1,6,4,4,2,4,2,2,2,2012,Other Christian,Mitt Romney
NA,NA,4,2,2,1,2,5,3,4,2,4,3,2,4,2012,Other Christian,NA
NA,NA,5,2,1,1,2,6,1,1,2,2,2,3,3,2012,Mainline,Mitt Romney
NA,NA,4,2,2,1,1,4,4,1,4,4,4,2,1,2012,Catholic,Barack Obama
NA,NA,2,2,1,2,1,4,4,1,4,4,4,3,1,2012,Mainline,Barack Obama
NA,NA,4,2,2,2,1,4,2,4,2,4,4,2,4,2012,Catholic,Mitt Romney
NA,NA,NA,2,1,1,1,4,4,4,2,4,4,2,4,2012,Not Religious,NA
NA,NA,4,2,2,2,1,6,4,4,5,4,4,4,1,2012,Mainline,Barack Obama
NA,NA,5,2,2,1,2,4,4,4,3,5,4,2,2,2012,Not Religious,Mitt Romney
NA,NA,1,2,2,1,1,4,4,2,3,5,5,2,3,2012,Evangelical,Barack Obama
NA,NA,2,2,2,2,1,6,2,7,2,3,2,2,4,2012,Evangelical,Barack Obama
NA,NA,4,2,1,1,1,4,4,4,3,4,4,2,4,2012,Other Religion,Barack Obama
NA,NA,4,2,2,2,1,7,1,7,2,3,3,2,4,2012,Catholic,Mitt Romney
NA,NA,5,2,2,2,1,6,2,2,3,3,4,2,2,2012,Catholic,Mitt Romney
NA,NA,4,2,2,2,1,6,1,6,2,3,4,2,4,2012,Catholic,Mitt Romney
NA,NA,4,1,1,1,1,4,1,2,4,4,4,2,1,2012,Mainline,Barack Obama
NA,NA,4,2,2,2,2,4,1,4,2,4,4,2,4,2012,Not Religious,Barack Obama
NA,NA,2,1,1,2,1,7,1,7,2,3,1,2,4,2012,Other Religion,Mitt Romney
NA,NA,4,2,1,1,2,7,1,2,2,4,4,2,1,2012,Other Christian,NA
NA,NA,4,2,1,2,1,4,4,4,2,4,4,1,4,2012,Other Christian,Mitt Romney
NA,NA,2,2,2,1,2,2,4,4,3,3,3,3,1,2012,Evangelical,NA
NA,NA,4,NA,NA,NA,NA,NA,NA,NA,NA,NA,NA,NA,NA,2012,Not Religious,NA
NA,NA,4,1,2,1,2,6,4,4,3,4,4,2,3,2012,Catholic,Barack Obama
NA,NA,5,2,2,2,2,4,6,4,3,3,2,3,4,2012,NA,NA
NA,NA,5,2,2,2,1,4,4,4,2,2,4,2,4,2012,Not Religious,Mitt Romney
NA,NA,4,2,2,1,2,7,4,1,3,4,4,3,1,2012,Catholic,NA
NA,NA,4,NA,NA,NA,NA,NA,NA,NA,NA,NA,NA,NA,NA,2012,Other Christian,NA
NA,NA,2,2,2,1,1,4,4,1,3,2,3,4,1,2012,Mainline,Barack Obama
NA,NA,2,2,2,1,1,4,1,4,2,4,3,2,4,2012,Catholic,NA
NA,NA,4,2,2,1,2,6,1,2,3,4,4,2,4,2012,Mainline,Mitt Romney
NA,NA,4,2,2,1,2,1,4,4,2,5,4,1,4,2012,Evangelical,Barack Obama
NA,NA,4,1,2,2,1,4,4,4,2,4,4,2,3,2012,Catholic,NA
NA,NA,4,2,2,1,2,6,3,5,2,4,4,2,2,2012,Catholic,Other
NA,NA,4,2,2,1,2,4,4,7,2,2,2,2,3,2012,Catholic,NA
NA,NA,4,1,2,1,2,4,1,4,2,3,3,3,2,2012,Not Religious,NA
NA,NA,2,2,1,2,2,6,1,7,1,2,2,2,4,2012,Evangelical,Mitt Romney
NA,NA,2,2,2,1,2,6,4,5,2,2,2,2,6,2012,Not Religious,Barack Obama
NA,NA,2,2,2,1,2,4,2,2,3,4,3,2,1,2012,Evangelical,Barack Obama
NA,NA,4,2,2,2,1,6,1,1,4,5,4,2,1,2012,Catholic,Mitt Romney
NA,NA,1,2,2,1,2,4,4,1,4,5,5,5,1,2012,Evangelical,NA
NA,NA,4,2,1,1,1,6,6,4,2,2,4,2,4,2012,Evangelical,NA
NA,NA,4,2,2,1,1,6,1,4,2,4,3,1,4,2012,Catholic,NA
NA,NA,4,2,1,1,1,4,4,4,3,3,4,3,4,2012,Evangelical,Mitt Romney
NA,NA,2,2,1,2,1,4,1,4,2,5,5,3,2,2012,Not Religious,Barack Obama
NA,NA,4,2,2,1,2,7,1,1,4,5,2,2,4,2012,Jewish,Barack Obama
NA,NA,4,2,2,2,1,6,3,3,3,4,4,2,2,2012,Evangelical,Barack Obama
NA,NA,4,1,1,2,2,4,5,5,1,4,2,2,4,2012,Not Religious,Barack Obama
NA,NA,4,2,1,1,1,6,4,4,2,4,4,2,4,2012,Catholic,Mitt Romney
NA,NA,4,2,2,1,1,7,1,1,3,2,3,2,1,2012,Other Christian,Mitt Romney
NA,NA,4,2,2,2,2,4,4,4,3,3,3,3,3,2012,Other Christian,Barack Obama
NA,NA,5,2,2,1,1,6,1,4,3,2,2,2,2,2012,Evangelical,Mitt Romney
NA,NA,4,2,2,2,1,4,4,4,2,5,4,2,1,2012,Evangelical,Barack Obama
NA,NA,2,1,1,2,1,6,4,2,3,4,4,2,2,2012,Mainline,Barack Obama
NA,NA,4,2,1,2,1,6,2,2,3,4,4,2,3,2012,Not Religious,Mitt Romney
NA,NA,2,1,2,2,1,4,2,4,3,3,3,2,2,2012,Catholic,Barack Obama
NA,NA,4,2,2,1,2,7,1,4,3,4,4,2,2,2012,Catholic,Barack Obama
NA,NA,5,2,1,1,2,4,4,2,3,3,3,3,1,2012,Not Religious,Mitt Romney
NA,NA,4,1,2,1,2,7,2,1,2,4,4,3,4,2012,Evangelical,NA
NA,NA,5,2,1,1,1,4,6,4,3,2,4,2,2,2012,Catholic,Mitt Romney
NA,NA,2,2,2,1,2,4,2,1,4,5,1,4,1,2012,Other Religion,Barack Obama
NA,NA,4,2,2,1,2,4,4,4,3,4,4,3,4,2012,Other Christian,NA
NA,NA,2,2,2,1,1,6,2,4,2,5,4,2,2,2012,Not Religious,Barack Obama
NA,NA,1,2,2,1,1,6,1,1,2,3,4,2,1,2012,Other Religion,Barack Obama
NA,NA,4,2,2,1,1,4,4,4,3,4,4,3,2,2012,Mainline,Mitt Romney
NA,NA,2,1,1,2,1,4,4,1,4,5,4,2,1,2012,Mainline,Barack Obama
NA,NA,1,1,1,2,1,6,2,4,3,4,4,3,2,2012,Mainline,Barack Obama
NA,NA,4,2,2,1,1,7,1,3,3,5,3,2,1,2012,Catholic,Barack Obama
NA,NA,1,1,2,1,1,7,1,6,2,2,2,2,3,2012,Other Christian,Other
NA,NA,4,2,2,1,2,6,4,4,4,4,4,2,1,2012,Catholic,Mitt Romney
NA,NA,2,1,1,2,1,5,4,4,3,4,4,2,3,2012,Not Religious,Barack Obama
NA,NA,4,2,2,1,2,7,1,1,4,4,4,2,2,2012,Catholic,Mitt Romney
NA,NA,1,2,2,1,1,4,2,4,2,3,3,2,1,2012,Catholic,Barack Obama
NA,NA,5,2,2,2,1,4,4,2,3,5,4,2,1,2012,Mainline,Mitt Romney
NA,NA,4,1,2,1,2,4,1,4,2,4,4,2,1,2012,Not Religious,Barack Obama
NA,NA,4,1,1,2,1,6,3,4,3,4,4,2,4,2012,Jewish,Mitt Romney
NA,NA,5,1,1,1,1,4,1,4,2,5,2,2,4,2012,Mainline,Mitt Romney
NA,NA,4,2,2,2,1,4,2,4,2,2,4,2,4,2012,Other Christian,Mitt Romney
NA,NA,4,2,2,1,1,6,NA,NA,2,3,4,3,2,2012,Evangelical,Mitt Romney
NA,NA,2,2,2,2,2,4,1,2,3,5,4,2,2,2012,Catholic,Barack Obama
NA,NA,4,2,2,1,2,4,4,4,1,3,3,1,4,2012,Catholic,Barack Obama
NA,NA,5,2,2,2,1,7,1,4,4,2,4,2,4,2012,Other Religion,Mitt Romney
NA,NA,2,2,2,2,2,4,2,4,2,4,4,2,4,2012,Catholic,Mitt Romney
NA,NA,2,2,2,1,2,6,1,4,3,4,4,2,3,2012,Catholic,Barack Obama
NA,NA,2,1,1,2,1,5,4,4,3,4,4,2,2,2012,Not Religious,Barack Obama
NA,NA,2,1,1,2,1,4,4,2,3,4,5,2,2,2012,Not Religious,Barack Obama
NA,NA,5,2,2,1,2,2,4,2,3,3,4,2,3,2012,Mainline,Barack Obama
NA,NA,1,1,2,1,1,6,4,5,1,2,2,2,4,2012,Not Religious,NA
NA,NA,2,1,1,2,1,6,4,4,2,3,3,3,4,2012,Not Religious,NA
NA,NA,1,1,1,2,1,7,1,4,1,2,4,2,4,2012,Evangelical,Mitt Romney
NA,NA,2,2,1,2,1,6,1,2,3,4,3,3,2,2012,Catholic,NA
NA,NA,4,2,2,1,1,4,4,4,3,4,4,2,3,2012,Catholic,Mitt Romney
NA,NA,2,2,2,1,2,6,2,1,4,4,3,2,1,2012,Evangelical,Mitt Romney
NA,NA,2,1,1,2,1,6,6,3,3,4,3,2,3,2012,Other Christian,Barack Obama
NA,NA,4,2,2,2,1,6,1,1,4,5,4,2,2,2012,Mainline,Barack Obama
NA,NA,4,2,1,2,2,7,4,4,3,4,2,3,4,2012,Other Christian,Mitt Romney
NA,NA,4,2,1,1,1,5,4,3,4,5,4,4,2,2012,Other Christian,Barack Obama
NA,NA,4,2,2,1,1,6,4,4,3,3,3,3,2,2012,Mainline,NA
NA,NA,4,2,2,1,1,4,4,4,2,5,5,2,2,2012,Catholic,NA
NA,NA,4,2,2,2,2,4,1,6,3,4,4,3,4,2012,Not Religious,Mitt Romney
NA,NA,2,NA,NA,NA,NA,NA,NA,NA,NA,NA,NA,NA,NA,2012,Catholic,NA
NA,NA,4,2,2,1,1,6,1,5,1,4,4,2,4,2012,Not Religious,Mitt Romney
NA,NA,2,2,2,1,1,7,2,3,3,3,3,3,2,2012,Other Christian,Mitt Romney
NA,NA,5,NA,NA,NA,NA,NA,NA,NA,NA,NA,NA,NA,NA,2012,Mainline,NA
NA,NA,5,1,2,1,2,4,3,2,3,3,3,2,4,2012,Other Christian,Barack Obama
NA,NA,2,1,1,2,1,6,6,4,3,4,4,2,4,2012,Evangelical,NA
NA,NA,4,2,2,1,1,7,NA,4,2,NA,NA,NA,4,2012,Catholic,Mitt Romney
NA,NA,5,2,2,1,1,4,1,4,3,4,4,1,4,2012,Evangelical,NA
NA,NA,5,2,2,1,2,4,4,6,2,3,4,3,2,2012,Evangelical,NA
NA,NA,2,2,2,1,2,4,4,4,4,4,3,3,3,2012,Catholic,NA
NA,NA,2,2,1,1,1,4,6,4,2,4,2,2,3,2012,NA,Barack Obama
NA,NA,4,2,2,1,2,4,4,6,2,4,4,2,4,2012,Evangelical,NA
NA,NA,4,2,2,1,1,6,2,4,2,4,2,2,4,2012,Evangelical,Mitt Romney
NA,NA,NA,1,1,2,1,4,4,2,2,4,4,2,5,2012,Not Religious,Barack Obama
NA,NA,2,2,2,1,2,6,2,3,3,4,5,2,3,2012,Other Christian,NA
NA,NA,5,2,2,2,2,4,2,4,2,4,4,2,3,2012,Catholic,Barack Obama
NA,NA,4,1,1,2,1,6,4,2,3,5,5,2,2,2012,Not Religious,Barack Obama
NA,NA,1,2,1,1,1,7,1,1,4,4,4,2,2,2012,Evangelical,Barack Obama
NA,NA,4,1,1,2,1,4,4,4,2,2,4,2,4,2012,Not Religious,Mitt Romney
NA,NA,4,2,2,1,2,7,1,1,4,2,4,4,1,2012,Evangelical,Mitt Romney
NA,NA,2,1,2,2,2,4,4,1,3,4,4,2,1,2012,Not Religious,Barack Obama
NA,NA,2,2,2,1,1,6,4,4,1,4,3,2,2,2012,Catholic,Mitt Romney
NA,NA,1,2,2,1,2,7,1,4,3,5,4,2,1,2012,Evangelical,Barack Obama
NA,NA,4,1,2,2,1,4,4,1,4,4,4,3,1,2012,Evangelical,Barack Obama
NA,NA,2,1,2,2,1,4,7,2,3,5,5,2,2,2012,Not Religious,Barack Obama
NA,NA,2,2,1,1,1,4,4,4,2,4,4,2,4,2012,Evangelical,Other
NA,NA,2,2,2,1,1,6,2,6,1,4,4,1,4,2012,Other Christian,Mitt Romney
NA,NA,2,1,2,1,2,4,4,1,3,5,3,2,2,2012,Evangelical,Barack Obama
NA,NA,2,2,2,1,1,4,4,4,3,4,4,2,4,2012,Evangelical,Barack Obama
NA,NA,2,2,1,1,1,7,1,4,3,4,4,2,2,2012,Catholic,Other
NA,NA,5,2,1,1,1,6,1,4,2,1,4,3,6,2012,Not Religious,Mitt Romney
NA,NA,2,1,2,1,2,4,4,4,2,4,4,2,4,2012,Catholic,Barack Obama
NA,NA,2,1,1,2,1,4,2,4,4,3,4,2,1,2012,Mainline,NA
NA,NA,2,2,2,1,2,5,4,1,4,5,5,3,6,2012,Catholic,Barack Obama
NA,NA,4,2,1,1,1,7,1,4,3,3,4,3,4,2012,Other Christian,Mitt Romney
NA,NA,2,2,1,1,2,4,4,4,3,5,4,2,3,2012,Evangelical,Barack Obama
NA,NA,2,2,2,1,2,6,2,1,2,4,4,2,1,2012,Evangelical,Barack Obama
NA,NA,2,2,2,1,1,4,4,2,3,5,4,2,3,2012,Other Christian,Barack Obama
NA,NA,5,2,2,1,1,4,2,4,3,4,2,2,4,2012,Evangelical,Barack Obama
NA,NA,4,2,2,2,2,7,1,2,4,3,4,2,2,2012,Not Religious,NA
NA,NA,4,1,1,2,2,6,2,7,2,4,4,2,3,2012,Not Religious,Other
NA,NA,5,2,2,1,2,5,4,4,4,4,4,2,4,2012,Evangelical,Barack Obama
NA,NA,4,2,2,1,1,6,1,4,2,4,4,2,4,2012,Evangelical,Barack Obama
NA,NA,2,NA,NA,NA,NA,NA,NA,NA,NA,NA,NA,NA,NA,2012,Catholic,NA
NA,NA,4,2,2,2,1,6,4,4,4,2,4,4,4,2012,Not Religious,NA
NA,NA,4,2,2,1,1,6,2,5,2,4,4,2,5,2012,Evangelical,Mitt Romney
NA,NA,2,2,2,1,1,7,1,7,2,5,4,1,4,2012,Evangelical,Mitt Romney
NA,NA,2,1,2,2,1,4,4,4,2,5,3,2,1,2012,Other Religion,Barack Obama
NA,NA,4,2,2,1,2,5,4,4,2,4,4,2,4,2012,Evangelical,Mitt Romney
NA,NA,2,2,2,1,1,6,4,2,3,4,4,3,4,2012,Evangelical,Barack Obama
NA,NA,2,2,2,1,2,6,6,2,4,4,4,2,2,2012,Evangelical,Barack Obama
NA,NA,2,1,1,1,1,6,2,5,1,4,4,1,4,2012,Other Religion,Mitt Romney
NA,NA,2,2,2,1,1,7,1,4,3,3,3,3,2,2012,Catholic,Barack Obama
NA,NA,2,2,2,1,1,5,2,4,2,4,4,2,1,2012,Other Christian,Barack Obama
NA,NA,5,2,1,1,1,6,2,4,2,4,4,2,2,2012,Jewish,Mitt Romney
NA,NA,4,2,2,1,1,6,1,6,1,5,3,2,4,2012,Other Christian,Mitt Romney
NA,NA,5,NA,NA,NA,NA,NA,NA,NA,NA,NA,NA,NA,NA,2012,Not Religious,NA
NA,NA,2,2,1,2,1,7,4,1,5,5,4,4,1,2012,Other Christian,NA
NA,NA,1,1,1,2,2,1,1,7,3,5,2,3,7,2012,Other Christian,NA
NA,NA,5,NA,NA,NA,NA,NA,NA,NA,NA,NA,NA,NA,NA,2012,Not Religious,NA
NA,NA,4,2,2,1,2,4,4,4,3,5,4,2,1,2012,Evangelical,Barack Obama
NA,NA,2,1,1,2,1,4,4,4,2,4,4,2,1,2012,Not Religious,Barack Obama
NA,NA,4,2,1,2,2,4,4,4,4,4,4,2,2,2012,Not Religious,Barack Obama
NA,NA,2,2,1,1,1,5,4,4,2,4,4,1,4,2012,Not Religious,NA
NA,NA,2,2,2,1,2,6,1,6,1,2,3,1,4,2012,Evangelical,Mitt Romney
NA,NA,2,1,2,1,2,6,2,4,2,3,4,2,1,2012,Black Protestant,Barack Obama
NA,NA,4,1,2,1,2,7,2,2,4,5,3,3,2,2012,Not Religious,Barack Obama
NA,NA,5,2,2,2,1,7,4,1,5,5,4,4,1,2012,Other Christian,NA
NA,NA,4,2,2,2,2,6,2,4,2,3,4,2,4,2012,Mainline,Mitt Romney
NA,NA,5,NA,NA,NA,NA,NA,NA,NA,NA,NA,NA,NA,NA,2012,Mainline,NA
NA,NA,2,2,2,2,1,6,2,4,3,4,4,2,1,2012,Evangelical,Barack Obama
NA,NA,4,2,2,1,1,6,1,7,1,2,2,2,4,2012,Other Religion,NA
NA,NA,1,2,2,1,1,7,1,1,4,1,2,4,1,2012,Evangelical,Barack Obama
NA,NA,4,2,2,1,1,4,2,4,1,2,3,2,4,2012,Evangelical,Mitt Romney
NA,NA,NA,2,2,1,1,4,4,4,3,3,4,2,2,2012,Not Religious,Barack Obama
NA,NA,4,2,2,2,1,4,4,4,4,4,5,2,6,2012,Not Religious,Mitt Romney
NA,NA,2,1,2,2,2,7,2,1,3,4,1,2,4,2012,Not Religious,Mitt Romney
NA,NA,4,1,1,2,1,4,6,2,3,4,4,2,4,2012,Mainline,Mitt Romney
NA,NA,2,2,2,1,1,4,4,1,5,5,5,5,1,2012,Evangelical,NA
NA,NA,2,2,2,1,1,4,4,3,3,4,4,2,3,2012,Evangelical,Mitt Romney
NA,NA,2,2,1,1,1,6,2,4,2,4,3,2,4,2012,Not Religious,Barack Obama
NA,NA,4,2,2,2,1,6,1,6,2,2,4,2,6,2012,Not Religious,Mitt Romney
NA,NA,1,2,2,1,2,1,4,5,2,2,1,2,4,2012,Catholic,Other
NA,NA,2,1,1,2,2,6,4,4,2,2,5,2,7,2012,Evangelical,Barack Obama
NA,NA,4,2,2,1,1,4,1,4,2,4,4,2,4,2012,Evangelical,Mitt Romney
NA,NA,4,NA,NA,NA,NA,NA,NA,NA,NA,NA,NA,NA,NA,2012,Other Christian,NA
NA,NA,2,2,1,2,1,4,2,4,2,4,4,2,4,2012,Mainline,Barack Obama
NA,NA,4,2,2,1,1,4,3,4,3,4,4,2,3,2012,Mainline,Barack Obama
NA,NA,2,1,1,2,1,4,4,2,3,4,4,2,2,2012,Not Religious,Barack Obama
NA,NA,4,1,2,2,2,6,6,2,4,2,2,2,2,2012,Catholic,Barack Obama
NA,NA,5,2,2,2,1,7,4,4,2,4,2,2,4,2012,Catholic,NA
NA,NA,2,2,2,1,1,6,1,2,3,4,3,2,2,2012,Evangelical,Barack Obama
NA,NA,4,NA,NA,NA,NA,NA,NA,NA,NA,NA,NA,NA,NA,2012,Not Religious,NA
NA,NA,2,2,1,2,1,6,2,4,3,4,4,2,2,2012,Not Religious,Barack Obama
NA,NA,1,2,2,2,2,7,2,1,3,4,4,2,1,2012,Catholic,Barack Obama
NA,NA,4,2,2,1,2,6,2,4,4,3,4,3,2,2012,Evangelical,Barack Obama
NA,NA,2,2,2,2,2,4,4,4,5,1,1,5,4,2012,Evangelical,NA
NA,NA,2,2,2,1,1,6,3,NA,4,4,NA,NA,2,2012,Black Protestant,NA
NA,NA,4,2,2,1,1,4,4,4,2,3,4,2,4,2012,Mainline,NA
NA,NA,5,2,2,1,1,7,1,4,2,2,2,2,2,2012,Mainline,NA
NA,NA,2,2,1,1,1,4,4,2,3,3,4,2,2,2012,Mainline,Barack Obama
NA,NA,4,2,2,1,2,7,1,1,5,2,2,4,1,2012,Not Religious,Barack Obama
NA,NA,2,1,1,2,1,6,4,1,4,5,5,3,1,2012,Jewish,NA
NA,NA,2,2,2,2,2,7,1,1,4,1,4,3,4,2012,Catholic,Barack Obama
NA,NA,2,2,1,2,1,7,2,4,2,4,4,2,4,2012,Catholic,Mitt Romney
NA,NA,5,2,1,1,2,5,2,4,3,4,4,2,1,2012,Other Christian,NA
NA,NA,4,1,2,2,1,4,4,4,2,5,4,2,4,2012,Mainline,Barack Obama
NA,NA,2,2,1,2,1,6,4,2,3,5,4,2,2,2012,Mainline,Barack Obama
NA,NA,2,2,2,1,1,5,3,4,2,3,2,3,2,2012,Catholic,Mitt Romney
NA,NA,5,2,2,1,2,7,1,7,1,1,1,1,7,2012,Not Religious,Mitt Romney
NA,NA,2,1,1,2,1,7,4,4,2,4,4,2,4,2012,Evangelical,Mitt Romney
NA,NA,4,2,2,1,2,6,2,4,2,4,4,2,4,2012,Mainline,Mitt Romney
NA,NA,4,2,1,2,1,4,4,4,3,4,4,2,3,2012,Mainline,Barack Obama
NA,NA,2,1,1,2,1,4,4,1,4,4,4,2,2,2012,Mainline,Barack Obama
NA,NA,4,2,2,1,1,7,4,5,2,4,4,2,4,2012,NA,NA
NA,NA,4,2,2,1,2,6,4,4,3,3,4,2,4,2012,Mainline,Mitt Romney
NA,NA,2,1,2,2,1,4,1,2,1,4,2,4,4,2012,Not Religious,Barack Obama
NA,NA,2,1,1,2,1,5,4,2,3,4,4,2,3,2012,Not Religious,NA
NA,NA,4,2,2,2,2,6,2,1,2,5,4,3,1,2012,Catholic,Barack Obama
NA,NA,4,2,2,2,1,7,1,6,1,4,4,1,2,2012,Other Religion,NA
NA,NA,1,NA,NA,NA,NA,NA,NA,NA,NA,NA,NA,NA,NA,2012,Mainline,NA
NA,NA,2,NA,NA,NA,NA,NA,NA,NA,NA,NA,NA,NA,NA,2012,Not Religious,NA
NA,NA,2,2,2,1,2,7,1,4,2,3,4,3,4,2012,Catholic,Barack Obama
NA,NA,4,2,2,1,2,7,4,1,4,3,3,3,4,2012,Catholic,Barack Obama
NA,NA,1,1,1,2,1,4,1,1,5,4,5,4,1,2012,Evangelical,NA
NA,NA,4,2,1,2,1,4,4,1,3,4,4,2,2,2012,Other Christian,Mitt Romney
NA,NA,4,2,2,1,1,4,4,4,2,4,3,1,2,2012,Catholic,Mitt Romney
NA,NA,2,1,1,2,1,6,4,2,4,5,4,4,1,2012,Not Religious,NA
NA,NA,2,2,2,1,1,4,1,1,3,5,2,2,2,2012,Evangelical,Barack Obama
NA,NA,4,2,2,2,1,6,2,6,2,4,4,2,4,2012,Not Religious,Mitt Romney
NA,NA,4,2,2,2,2,4,6,2,3,4,3,3,4,2012,Evangelical,Barack Obama
NA,NA,1,1,2,1,1,2,1,2,4,4,4,2,3,2012,Evangelical,Barack Obama
NA,NA,2,2,2,1,1,6,2,4,3,3,3,2,2,2012,Evangelical,NA
NA,NA,2,2,2,1,1,4,4,6,2,4,4,2,4,2012,Mainline,Mitt Romney
NA,NA,4,2,1,2,1,6,2,4,3,4,3,3,2,2012,Catholic,Mitt Romney
NA,NA,4,1,1,2,1,4,4,5,2,4,4,2,5,2012,Mainline,Barack Obama
NA,NA,4,2,1,1,1,6,3,4,2,5,4,2,6,2012,Catholic,Barack Obama
NA,NA,2,2,2,1,1,4,4,4,2,4,4,2,3,2012,Mainline,Mitt Romney
NA,NA,4,2,2,1,2,7,1,4,2,3,4,3,2,2012,Catholic,NA
NA,NA,4,1,1,2,1,6,4,4,3,4,3,3,2,2012,Catholic,NA
NA,NA,4,2,1,1,2,4,4,4,3,4,4,2,4,2012,Mainline,Mitt Romney
NA,NA,4,1,1,2,1,4,4,4,3,4,4,2,2,2012,Not Religious,Barack Obama
NA,NA,2,2,2,1,1,4,2,4,3,4,2,2,2,2012,Evangelical,Mitt Romney
NA,NA,4,2,1,2,1,6,1,4,3,4,3,2,1,2012,Catholic,Mitt Romney
NA,NA,2,1,1,2,1,4,4,1,4,5,3,4,2,2012,Mainline,NA
NA,NA,2,2,2,2,1,6,2,4,2,5,4,2,2,2012,Catholic,Barack Obama
NA,NA,1,2,2,1,2,4,4,4,3,4,4,3,4,2012,Not Religious,Other
NA,NA,2,2,2,1,2,4,4,4,3,4,4,2,3,2012,Black Protestant,Barack Obama
NA,NA,1,2,2,2,1,6,4,4,3,3,3,3,1,2012,Not Religious,NA
NA,NA,4,1,1,2,1,6,4,4,4,5,4,2,1,2012,Catholic,Barack Obama
NA,NA,4,2,2,1,2,7,1,1,3,1,4,4,4,2012,Other Christian,Barack Obama
NA,NA,4,2,2,1,2,6,1,2,4,4,4,2,1,2012,Evangelical,Barack Obama
NA,NA,5,2,1,1,1,4,4,4,3,4,4,2,1,2012,Mainline,Mitt Romney
NA,NA,5,2,2,2,1,6,2,4,3,5,3,3,2,2012,Catholic,Barack Obama
NA,NA,2,2,2,1,2,4,4,4,2,4,4,2,4,2012,Evangelical,Barack Obama
NA,NA,4,NA,NA,NA,NA,NA,NA,NA,NA,NA,NA,NA,NA,2012,Other Religion,NA
NA,NA,5,2,2,2,1,4,4,4,3,5,4,2,1,2012,Not Religious,Mitt Romney
NA,NA,2,2,1,1,1,4,2,2,3,5,2,3,2,2012,Other Christian,Mitt Romney
NA,NA,2,2,2,2,1,6,4,2,3,4,4,3,1,2012,Catholic,Barack Obama
NA,NA,2,2,2,2,2,4,4,2,4,5,4,4,3,2012,Catholic,NA
NA,NA,4,2,2,1,2,6,2,4,2,3,3,3,4,2012,Catholic,Mitt Romney
NA,NA,2,2,2,2,1,6,6,4,3,4,4,2,3,2012,Catholic,Barack Obama
NA,NA,2,1,1,2,1,4,4,2,3,4,2,2,4,2012,Not Religious,NA
NA,NA,2,2,2,2,1,4,4,2,3,5,4,2,4,2012,Catholic,Barack Obama
NA,NA,4,2,1,1,1,4,2,4,2,3,2,3,3,2012,Catholic,Mitt Romney
NA,NA,2,2,1,2,1,4,4,3,3,5,3,2,3,2012,Evangelical,Barack Obama
NA,NA,2,2,2,1,2,6,1,4,2,5,5,3,2,2012,Other Religion,NA
NA,NA,2,2,2,1,2,6,1,1,4,4,4,4,1,2012,Not Religious,Barack Obama
NA,NA,2,2,2,1,2,7,1,4,2,3,4,2,2,2012,Catholic,NA
NA,NA,4,2,2,1,2,6,4,2,4,4,3,2,1,2012,Catholic,NA
NA,NA,2,2,2,1,1,5,3,4,3,4,3,2,3,2012,Evangelical,Mitt Romney
NA,NA,4,2,2,2,2,7,2,2,4,2,3,4,2,2012,Catholic,Mitt Romney
NA,NA,5,2,2,1,1,7,1,4,3,3,3,4,1,2012,Not Religious,NA
NA,NA,2,2,2,1,2,6,1,1,2,3,4,4,4,2012,Catholic,NA
NA,NA,1,1,2,1,2,4,4,5,2,5,2,1,4,2012,Evangelical,NA
NA,NA,2,2,2,2,2,4,2,3,3,4,5,2,3,2012,Evangelical,NA
NA,NA,4,2,1,2,1,6,1,6,3,4,2,3,4,2012,Evangelical,Mitt Romney
NA,NA,2,1,1,2,1,4,4,2,3,5,4,2,2,2012,Catholic,Barack Obama
NA,NA,2,2,2,1,1,6,1,4,NA,NA,NA,NA,NA,2012,Other Religion,Mitt Romney
NA,NA,5,2,2,1,1,6,2,6,2,4,2,2,4,2012,Mainline,Mitt Romney
NA,NA,5,2,2,1,1,4,2,4,3,4,4,3,1,2012,Not Religious,NA
NA,NA,1,2,2,2,2,6,2,6,4,2,3,4,6,2012,Catholic,NA
NA,NA,5,2,2,1,1,4,4,4,2,4,3,3,4,2012,Not Religious,Barack Obama
NA,NA,2,2,2,1,1,7,4,2,3,5,5,2,1,2012,Not Religious,Barack Obama
NA,NA,4,NA,NA,NA,NA,NA,NA,NA,NA,NA,NA,NA,NA,2012,Catholic,NA
NA,NA,4,1,2,2,2,4,4,5,1,5,5,1,4,2012,Not Religious,NA
NA,NA,5,2,1,2,1,6,4,4,3,4,5,2,2,2012,Not Religious,NA
NA,NA,5,2,2,1,2,4,4,7,1,1,1,1,7,2012,Catholic,Mitt Romney
NA,NA,4,2,2,1,2,6,6,2,2,2,4,2,4,2012,Other Christian,Mitt Romney
NA,NA,2,NA,NA,NA,NA,NA,NA,NA,NA,NA,NA,NA,NA,2012,Catholic,NA
NA,NA,4,2,2,1,2,7,2,4,2,2,2,2,4,2012,Catholic,Barack Obama
NA,NA,4,2,1,1,1,6,1,6,3,3,3,2,2,2012,Not Religious,Barack Obama
NA,NA,4,2,2,2,2,6,4,7,3,5,3,2,4,2012,Evangelical,Barack Obama
NA,NA,4,2,2,1,1,6,2,4,2,4,4,2,4,2012,Mainline,Mitt Romney
NA,NA,2,1,1,2,1,5,4,1,4,4,4,2,1,2012,Not Religious,Barack Obama
NA,NA,4,2,2,1,2,6,1,5,2,5,3,1,4,2012,Evangelical,NA
NA,NA,2,2,2,1,1,7,1,4,2,3,4,2,2,2012,Other Christian,Mitt Romney
NA,NA,2,2,2,1,1,6,4,1,4,4,4,4,1,2012,Not Religious,Barack Obama
NA,NA,2,1,1,2,1,6,4,4,3,5,4,2,2,2012,Catholic,Barack Obama
NA,NA,2,1,1,1,1,6,2,4,2,4,4,3,3,2012,Other Christian,NA
NA,NA,2,2,1,2,1,6,2,4,3,5,4,3,3,2012,Catholic,NA
NA,NA,5,2,2,2,1,4,4,1,5,3,3,3,1,2012,Not Religious,NA
NA,NA,2,2,2,1,2,4,1,4,2,4,3,3,1,2012,Catholic,Barack Obama
NA,NA,4,2,2,1,2,7,1,3,1,1,1,2,3,2012,Other Christian,NA
NA,NA,5,2,2,1,1,6,4,2,4,4,4,2,2,2012,Evangelical,Mitt Romney
NA,NA,2,2,1,1,1,7,4,1,4,5,4,2,1,2012,Evangelical,Barack Obama
NA,NA,2,2,2,2,1,4,1,6,2,2,2,1,6,2012,Catholic,Mitt Romney
NA,NA,4,2,2,2,1,4,4,4,2,4,4,2,5,2012,Not Religious,NA
NA,NA,NA,2,2,1,1,5,1,6,2,3,4,2,2,2012,Catholic,Mitt Romney
NA,NA,5,2,2,1,2,4,1,5,1,4,2,2,2,2012,Mainline,Mitt Romney
NA,NA,2,2,2,2,1,3,4,4,3,3,4,2,3,2012,Catholic,NA
NA,NA,4,1,2,2,1,4,4,3,4,5,5,2,3,2012,Catholic,Barack Obama
NA,NA,2,NA,NA,NA,NA,NA,NA,NA,NA,NA,NA,NA,NA,2012,Not Religious,NA
NA,NA,4,2,2,1,1,6,4,4,3,4,4,2,1,2012,Catholic,Mitt Romney
NA,NA,1,NA,NA,NA,NA,NA,NA,NA,NA,NA,NA,NA,NA,2012,Evangelical,NA
NA,NA,5,2,2,2,1,4,1,1,4,4,4,2,2,2012,Catholic,Mitt Romney
NA,NA,5,2,1,2,2,4,4,4,4,4,2,4,1,2012,Evangelical,Other
NA,NA,2,1,1,2,1,4,4,4,2,4,4,2,2,2012,Jewish,Barack Obama
NA,NA,2,2,1,1,2,6,4,2,3,3,4,2,3,2012,Evangelical,Mitt Romney
NA,NA,4,2,2,1,2,6,2,6,2,4,4,2,4,2012,Evangelical,Mitt Romney
NA,NA,2,1,2,2,2,4,4,7,1,4,4,2,5,2012,Mainline,Mitt Romney
NA,NA,4,2,1,2,1,6,4,2,3,4,4,2,3,2012,Mainline,Barack Obama
NA,NA,4,2,2,1,1,5,4,6,2,4,2,2,4,2012,Evangelical,Mitt Romney
NA,NA,2,2,2,2,1,4,4,4,1,4,4,2,4,2012,Catholic,Barack Obama
NA,NA,2,1,1,1,2,6,2,2,3,4,4,2,2,2012,Other Christian,Barack Obama
NA,NA,1,1,1,2,1,4,2,6,2,4,4,2,3,2012,Not Religious,NA
NA,NA,4,2,2,2,1,4,4,4,1,4,4,2,2,2012,Catholic,Mitt Romney
NA,NA,2,1,1,2,1,6,4,4,3,4,4,2,1,2012,Not Religious,Barack Obama
NA,NA,2,2,1,2,1,6,2,2,4,4,4,2,3,2012,Not Religious,Barack Obama
NA,NA,2,2,1,1,1,4,4,2,3,4,4,2,2,2012,Catholic,Mitt Romney
NA,NA,4,2,2,2,1,4,2,2,4,5,4,2,2,2012,Mainline,Barack Obama
NA,NA,2,2,1,2,2,6,2,1,4,5,4,2,1,2012,Evangelical,Barack Obama
NA,NA,2,NA,NA,NA,NA,NA,NA,NA,NA,NA,NA,NA,NA,2012,Other Religion,NA
NA,NA,4,NA,NA,NA,NA,NA,NA,NA,NA,NA,NA,NA,NA,2012,Catholic,NA
NA,NA,2,2,2,2,1,4,4,1,4,5,5,4,1,2012,Not Religious,Barack Obama
NA,NA,2,2,2,2,1,4,4,4,3,4,4,2,4,2012,Other Christian,Barack Obama
NA,NA,2,1,1,2,1,6,3,2,4,5,4,2,2,2012,Not Religious,Barack Obama
NA,NA,2,2,2,1,1,6,4,4,2,4,4,2,2,2012,Catholic,Mitt Romney
NA,NA,4,1,1,2,1,6,1,4,3,3,4,2,4,2012,Other Religion,Barack Obama
NA,NA,2,2,2,2,2,4,4,1,3,3,4,2,1,2012,Other Christian,Barack Obama
NA,NA,4,2,2,2,1,6,4,4,3,4,4,3,2,2012,Other Christian,NA
NA,NA,4,2,2,2,1,7,1,4,3,4,4,2,2,2012,Evangelical,Barack Obama
NA,NA,2,2,1,1,2,6,4,4,3,4,4,2,4,2012,Not Religious,Barack Obama
NA,NA,4,2,2,1,1,4,1,2,4,5,4,2,1,2012,Evangelical,NA
NA,NA,2,2,1,2,1,6,1,4,2,4,3,2,2,2012,Not Religious,NA
NA,NA,2,1,1,1,2,4,4,4,3,5,4,2,3,2012,Mainline,NA
NA,NA,1,2,1,2,1,2,4,1,3,1,2,4,2,2012,Not Religious,Barack Obama
NA,NA,2,2,2,2,1,7,1,1,4,2,4,2,3,2012,Evangelical,Barack Obama
NA,NA,5,2,2,2,1,4,2,2,3,3,4,2,4,2012,Mainline,Mitt Romney
NA,NA,2,2,2,1,2,4,2,2,3,4,4,2,2,2012,Mainline,Barack Obama
NA,NA,1,1,1,2,1,4,4,4,2,4,4,2,3,2012,Not Religious,NA
NA,NA,4,2,2,1,1,6,4,2,4,3,3,4,3,2012,Mainline,Barack Obama
NA,NA,2,2,2,1,2,4,4,4,1,3,3,3,4,2012,Other Christian,Barack Obama
NA,NA,4,NA,NA,NA,NA,NA,NA,NA,NA,NA,NA,NA,NA,2012,Not Religious,NA
NA,NA,4,2,1,1,1,6,4,3,3,4,4,2,1,2012,Mainline,Mitt Romney
NA,NA,4,1,2,2,1,4,4,4,1,4,5,2,4,2012,Catholic,Barack Obama
NA,NA,2,2,1,2,1,4,2,4,2,4,4,2,5,2012,Catholic,Barack Obama
NA,NA,2,2,2,2,1,4,2,4,2,4,4,2,2,2012,Mainline,NA
NA,NA,5,2,2,1,1,4,4,4,4,3,4,4,1,2012,Evangelical,Barack Obama
NA,NA,4,2,2,1,1,6,2,4,2,4,4,2,4,2012,Catholic,Mitt Romney
NA,NA,5,1,1,2,1,6,4,7,1,2,4,2,5,2012,Mainline,Mitt Romney
NA,NA,4,2,2,1,2,6,1,4,3,4,2,2,3,2012,Catholic,NA
NA,NA,4,1,1,2,1,6,4,2,3,4,4,2,3,2012,Not Religious,NA
NA,NA,4,1,1,2,1,4,4,4,2,4,4,2,3,2012,Other Christian,NA
NA,NA,4,2,2,2,2,6,6,6,3,3,3,3,6,2012,Not Religious,Mitt Romney
NA,NA,4,2,2,1,2,6,2,7,3,4,4,2,4,2012,Mainline,Mitt Romney
NA,NA,4,2,2,2,2,6,2,1,4,3,3,3,3,2012,Catholic,Barack Obama
NA,NA,4,2,1,1,1,4,4,6,1,5,4,2,5,2012,Mainline,Mitt Romney
NA,NA,4,2,2,1,1,6,3,7,4,1,1,4,1,2012,Catholic,Mitt Romney
NA,NA,2,1,2,2,1,4,3,4,2,4,4,2,4,2012,Catholic,NA
NA,NA,4,NA,NA,NA,NA,NA,NA,NA,NA,NA,NA,NA,NA,2012,Other Christian,NA
NA,NA,2,2,2,1,2,4,4,1,2,3,4,2,4,2012,Catholic,NA
NA,NA,4,2,2,1,2,5,1,4,3,4,4,2,3,2012,Evangelical,NA
NA,NA,4,2,2,1,1,7,1,4,2,4,4,2,4,2012,Other Christian,Mitt Romney
NA,NA,4,2,2,1,1,7,4,4,3,4,4,3,2,2012,Evangelical,Barack Obama
NA,NA,4,2,2,1,1,6,2,4,2,4,4,2,3,2012,Other Christian,Mitt Romney
NA,NA,2,1,2,1,1,6,3,4,3,3,4,2,3,2012,Other Religion,NA
NA,NA,1,2,2,1,2,4,1,4,3,3,4,3,3,2012,Evangelical,NA
NA,NA,4,2,2,1,2,6,1,4,2,5,4,3,1,2012,Evangelical,Barack Obama
NA,NA,4,2,2,1,1,6,2,1,3,4,5,4,1,2012,Evangelical,Barack Obama
NA,NA,5,2,2,2,1,4,3,4,2,4,4,2,4,2012,Catholic,Barack Obama
NA,NA,4,2,2,1,1,6,1,1,3,4,3,3,1,2012,Catholic,NA
NA,NA,2,2,2,1,1,4,4,1,3,4,3,3,4,2012,Catholic,Barack Obama
NA,NA,2,2,1,2,1,4,4,4,2,4,5,2,2,2012,Catholic,Barack Obama
NA,NA,2,2,2,1,1,4,1,2,4,4,4,4,1,2012,Catholic,Mitt Romney
NA,NA,2,2,1,1,1,4,2,4,2,4,2,2,4,2012,Other Religion,Mitt Romney
NA,NA,4,NA,NA,NA,NA,NA,NA,NA,NA,NA,NA,NA,NA,2012,Not Religious,NA
NA,NA,5,2,1,2,1,4,4,4,1,5,4,2,4,2012,Other Christian,Mitt Romney
NA,NA,2,2,1,2,1,4,4,4,2,3,4,2,2,2012,Not Religious,Barack Obama
NA,NA,2,2,2,1,1,4,4,4,3,4,4,2,2,2012,Not Religious,Barack Obama
NA,NA,2,2,2,2,1,4,4,2,3,4,4,2,2,2012,Not Religious,Barack Obama
NA,NA,4,2,2,1,2,7,1,5,2,1,3,3,4,2012,Evangelical,NA
NA,NA,2,2,2,1,2,4,4,2,1,2,4,2,4,2012,Catholic,NA
NA,NA,2,2,2,2,2,4,1,2,3,4,4,2,1,2012,Catholic,Barack Obama
NA,NA,4,2,2,1,2,6,1,6,2,2,1,2,2,2012,Other Christian,NA
NA,NA,2,2,2,2,1,4,4,4,3,4,5,3,6,2012,Catholic,Mitt Romney
NA,NA,2,1,1,2,2,6,1,1,3,2,3,3,4,2012,Other Religion,NA
NA,NA,5,1,1,2,2,7,1,1,5,5,1,5,1,2012,Catholic,Barack Obama
NA,NA,4,2,2,2,2,6,4,4,4,3,3,4,2,2012,Catholic,Mitt Romney
NA,NA,2,2,1,2,2,7,2,1,3,3,2,2,2,2012,Catholic,NA
NA,NA,2,1,1,2,1,4,4,2,3,4,4,2,2,2012,Evangelical,Barack Obama
NA,NA,2,2,1,2,1,4,2,4,2,4,4,2,2,2012,Other Christian,Barack Obama
NA,NA,4,2,1,2,1,4,3,4,2,3,3,2,3,2012,Not Religious,NA
NA,NA,5,2,2,1,2,4,4,1,4,4,4,4,2,2012,Catholic,Barack Obama
NA,NA,4,1,1,1,1,6,1,4,2,4,4,2,4,2012,Not Religious,NA
NA,NA,2,2,1,1,1,6,2,4,2,4,4,2,3,2012,Evangelical,Other
NA,NA,2,2,2,1,2,2,6,2,3,4,4,4,5,2012,Other Christian,Barack Obama
NA,NA,4,2,2,2,1,4,4,2,3,5,3,3,2,2012,Catholic,Barack Obama
NA,NA,4,2,2,1,2,7,1,5,2,1,2,3,2,2012,Evangelical,Mitt Romney
NA,NA,2,2,2,2,1,4,4,1,3,4,3,3,1,2012,Other Christian,Mitt Romney
NA,NA,2,2,2,1,2,6,1,2,3,3,4,3,1,2012,Catholic,Barack Obama
NA,NA,2,2,2,1,2,4,4,2,4,5,3,3,1,2012,Other Christian,Barack Obama
NA,NA,4,1,1,2,1,6,4,4,2,3,4,3,6,2012,Catholic,Mitt Romney
NA,NA,4,NA,NA,NA,NA,NA,NA,NA,NA,NA,NA,NA,NA,2012,Not Religious,NA
NA,NA,2,2,2,1,2,6,1,1,2,2,4,2,1,2012,Other Religion,Barack Obama
NA,NA,1,2,2,1,2,4,2,1,5,5,5,4,1,2012,Not Religious,NA
NA,NA,4,2,2,2,2,4,4,5,1,2,4,2,4,2012,Not Religious,NA
NA,NA,5,2,2,1,1,4,1,6,2,3,3,2,4,2012,Evangelical,Mitt Romney
NA,NA,4,2,2,2,1,6,4,2,3,4,5,2,4,2012,Other Religion,Mitt Romney
NA,NA,2,1,1,2,1,4,4,4,2,5,4,2,4,2012,Jewish,Barack Obama
NA,NA,4,2,2,1,2,7,2,6,2,4,4,1,4,2012,Not Religious,Mitt Romney
NA,NA,4,2,2,1,1,6,1,5,1,2,2,2,4,2012,Evangelical,Mitt Romney
NA,NA,5,2,2,1,1,7,3,4,3,5,4,2,2,2012,Other Christian,Mitt Romney
NA,NA,5,2,2,1,1,6,1,1,4,5,5,4,1,2012,Other Religion,NA
NA,NA,4,2,2,1,2,6,1,1,1,2,2,4,3,2012,Catholic,Mitt Romney
NA,NA,2,2,1,2,1,6,3,4,2,4,4,2,2,2012,Other Christian,Barack Obama
NA,NA,2,2,2,1,1,4,4,4,2,4,2,2,2,2012,Mainline,Mitt Romney
NA,NA,5,2,1,1,1,5,4,4,2,4,3,2,4,2012,Mainline,Mitt Romney
NA,NA,1,1,2,1,2,4,6,4,2,4,3,3,6,2012,Evangelical,NA
NA,NA,2,2,2,1,2,7,2,4,2,4,3,3,1,2012,Evangelical,NA
NA,NA,4,1,2,2,1,6,4,4,2,3,5,2,2,2012,Catholic,Barack Obama
NA,NA,2,2,2,2,1,7,4,4,2,4,4,1,4,2012,Not Religious,NA
NA,NA,4,1,2,2,1,6,6,2,3,5,5,2,2,2012,Catholic,Barack Obama
NA,NA,4,2,2,2,1,4,1,4,2,4,4,2,4,2012,Other Christian,Mitt Romney
NA,NA,1,2,2,1,1,6,1,4,3,3,3,3,3,2012,Evangelical,Barack Obama
NA,NA,5,2,2,1,1,3,4,1,3,5,4,2,3,2012,Catholic,Mitt Romney
NA,NA,2,1,2,1,2,4,6,6,3,2,3,3,4,2012,Catholic,Barack Obama
NA,NA,1,2,2,1,1,4,1,1,5,4,4,3,2,2012,Evangelical,Barack Obama
NA,NA,2,2,1,2,1,6,4,4,3,4,4,2,3,2012,Not Religious,Barack Obama
NA,NA,2,2,1,2,1,6,4,2,2,5,4,2,4,2012,Not Religious,NA
NA,NA,2,2,2,1,1,7,1,4,2,2,1,2,2,2012,Not Religious,Barack Obama
NA,NA,2,2,2,1,2,6,4,4,3,5,4,2,2,2012,Not Religious,Mitt Romney
NA,NA,4,2,2,1,2,7,1,5,5,5,3,5,1,2012,Not Religious,NA
NA,NA,2,NA,NA,NA,NA,NA,NA,NA,NA,NA,NA,NA,NA,2012,Other Religion,NA
NA,NA,2,1,1,2,1,4,4,4,2,5,4,2,2,2012,Not Religious,Barack Obama
NA,NA,4,1,2,1,2,4,4,4,2,4,4,2,3,2012,Catholic,NA
NA,NA,1,2,2,1,1,4,4,4,3,4,3,2,3,2012,Mainline,Barack Obama
NA,NA,5,2,2,1,2,6,1,4,3,2,3,2,6,2012,Evangelical,NA
NA,NA,2,2,2,2,1,7,1,3,3,5,4,2,1,2012,Other Christian,Barack Obama
NA,NA,5,2,1,1,1,6,4,2,3,4,4,2,2,2012,Not Religious,Mitt Romney
NA,NA,2,2,2,2,1,4,4,1,4,4,4,3,1,2012,Catholic,Barack Obama
NA,NA,2,2,2,1,2,4,4,2,3,3,3,3,4,2012,Black Protestant,Barack Obama
NA,NA,NA,2,2,1,1,4,4,2,3,4,4,2,2,2012,Other Christian,NA
NA,NA,2,2,2,1,1,4,4,4,2,5,NA,NA,4,2012,Other Religion,NA
NA,NA,4,1,2,1,2,6,7,1,2,4,4,4,4,2012,Other Christian,NA
NA,NA,2,2,2,1,1,4,4,4,2,5,5,2,3,2012,Not Religious,Barack Obama
NA,NA,1,1,1,2,1,5,3,7,1,4,1,1,6,2012,Catholic,NA
NA,NA,4,2,2,1,1,4,4,4,2,4,4,3,4,2012,Catholic,Mitt Romney
NA,NA,2,2,2,1,2,4,4,1,4,5,5,4,2,2012,Other Christian,NA
NA,NA,2,2,2,1,2,6,4,4,3,2,2,4,1,2012,Evangelical,Barack Obama
NA,NA,5,NA,NA,NA,NA,NA,NA,NA,NA,NA,NA,NA,NA,2012,Evangelical,NA
NA,NA,4,2,2,1,1,4,2,4,2,4,5,2,4,2012,Catholic,NA
NA,NA,NA,2,1,2,1,4,4,4,3,5,4,2,1,2012,Catholic,Barack Obama
NA,NA,4,2,1,1,1,6,1,6,2,2,2,2,4,2012,Mainline,Mitt Romney
NA,NA,5,2,1,1,2,6,4,2,3,5,3,2,1,2012,Not Religious,Barack Obama
NA,NA,2,1,2,2,1,7,2,2,4,4,4,2,2,2012,Other Religion,Barack Obama
NA,NA,2,1,1,2,1,6,4,2,3,4,4,2,4,2012,Catholic,Barack Obama
NA,NA,2,2,1,2,1,6,4,4,2,4,4,2,4,2012,Not Religious,Barack Obama
NA,NA,2,1,1,2,1,5,3,4,2,4,4,2,4,2012,Catholic,Mitt Romney
NA,NA,5,2,2,1,2,4,4,2,2,4,4,2,4,2012,Catholic,Mitt Romney
NA,NA,4,2,2,1,2,4,3,2,3,4,4,2,2,2012,Catholic,Mitt Romney
NA,NA,2,2,2,1,1,4,2,6,1,4,4,2,4,2012,Other Religion,Mitt Romney
NA,NA,2,1,1,2,1,6,2,5,2,4,4,2,4,2012,Evangelical,Mitt Romney
NA,NA,5,2,2,2,2,4,6,4,5,2,2,4,5,2012,Evangelical,NA
NA,NA,5,2,2,1,1,6,1,4,3,5,2,4,2,2012,Catholic,Mitt Romney
NA,NA,5,2,2,2,2,7,2,6,3,3,2,2,4,2012,Catholic,NA
NA,NA,4,2,2,1,1,5,4,4,4,5,4,2,2,2012,Not Religious,Barack Obama
NA,NA,NA,2,2,1,1,4,4,4,3,5,4,2,4,2012,Evangelical,Mitt Romney
NA,NA,4,2,1,2,1,6,1,4,2,4,3,2,2,2012,Evangelical,Mitt Romney
NA,NA,4,2,2,1,1,6,2,6,2,2,4,2,4,2012,Evangelical,Mitt Romney
NA,NA,1,2,1,2,2,4,4,1,3,2,3,2,6,2012,Evangelical,NA
NA,NA,4,2,2,2,1,6,2,4,4,4,4,2,2,2012,Other Religion,Barack Obama
NA,NA,2,2,2,2,1,6,4,6,2,3,4,2,4,2012,Not Religious,Barack Obama
NA,NA,2,1,1,2,1,7,4,4,3,4,4,2,1,2012,Not Religious,Barack Obama
NA,NA,2,2,2,1,2,6,4,5,2,4,5,2,4,2012,Other Christian,Barack Obama
NA,NA,2,2,2,1,1,6,2,4,2,2,3,2,3,2012,Other Christian,Mitt Romney
NA,NA,4,1,1,2,1,4,4,4,2,5,4,2,3,2012,Not Religious,Barack Obama
NA,NA,2,2,1,1,2,2,4,2,3,4,4,2,4,2012,Mainline,Barack Obama
NA,NA,2,2,2,2,2,4,4,4,3,4,4,2,3,2012,Not Religious,NA
NA,NA,2,2,2,1,1,4,4,7,1,2,4,1,4,2012,Other Christian,NA
NA,NA,4,NA,NA,NA,NA,NA,NA,NA,NA,NA,NA,NA,NA,2012,Mainline,NA
NA,NA,NA,NA,NA,NA,NA,NA,NA,NA,NA,NA,NA,NA,NA,2012,Evangelical,NA
NA,NA,2,2,2,1,1,6,1,4,3,4,4,2,4,2012,Evangelical,Mitt Romney
NA,NA,2,2,2,1,1,4,4,4,3,4,4,2,2,2012,Other Religion,Barack Obama
NA,NA,4,2,2,1,2,6,1,4,2,4,4,2,2,2012,Catholic,NA
NA,NA,1,2,1,2,1,4,4,2,4,5,5,2,1,2012,Not Religious,Barack Obama
NA,NA,4,1,1,2,1,7,2,6,1,2,2,2,3,2012,Catholic,NA
NA,NA,2,NA,NA,NA,NA,NA,NA,NA,NA,NA,NA,NA,NA,2012,Evangelical,NA
NA,NA,4,2,2,1,1,4,4,4,2,4,4,2,2,2012,Catholic,Mitt Romney
NA,NA,2,1,2,1,2,6,1,1,3,4,4,2,1,2012,Evangelical,Barack Obama
NA,NA,1,2,2,2,1,4,4,1,5,5,4,4,2,2012,Catholic,Barack Obama
NA,NA,2,2,1,2,1,4,4,4,2,5,4,2,4,2012,Not Religious,Mitt Romney
NA,NA,2,1,2,2,1,6,4,3,2,5,5,2,2,2012,Jewish,NA
NA,NA,5,2,2,2,1,4,4,5,1,4,4,2,5,2012,Evangelical,Mitt Romney
NA,NA,2,2,2,1,2,6,2,2,3,4,4,2,2,2012,Black Protestant,NA
NA,NA,5,2,2,1,2,7,1,4,5,5,3,3,1,2012,Other Christian,Mitt Romney
NA,NA,2,NA,NA,NA,NA,NA,NA,NA,NA,NA,NA,NA,NA,2012,Mainline,NA
NA,NA,4,2,2,2,1,4,4,5,2,2,2,2,4,2012,Evangelical,Mitt Romney
NA,NA,1,2,2,1,2,4,4,2,4,4,4,2,1,2012,Evangelical,Barack Obama
NA,NA,1,2,2,1,1,4,4,4,2,5,4,2,4,2012,Other Christian,Barack Obama
NA,NA,4,2,1,1,1,6,1,4,2,5,2,2,4,2012,NA,NA
NA,NA,2,1,2,2,1,4,4,2,3,5,5,2,1,2012,Other Christian,Barack Obama
NA,NA,4,2,2,1,2,4,4,2,3,3,3,3,4,2012,Evangelical,NA
NA,NA,2,2,2,1,1,4,4,2,3,4,4,2,3,2012,Evangelical,Barack Obama
NA,NA,2,2,1,2,1,4,4,1,5,5,4,2,1,2012,Evangelical,Barack Obama
NA,NA,1,2,2,1,1,7,1,2,2,4,4,2,2,2012,Catholic,Mitt Romney
NA,NA,4,2,2,1,1,7,2,3,3,4,4,4,1,2012,Mainline,Mitt Romney
NA,NA,4,2,2,2,2,7,6,1,2,2,2,2,2,2012,Catholic,NA
NA,NA,4,2,2,1,1,7,1,4,4,3,3,3,5,2012,Catholic,Mitt Romney
NA,NA,4,NA,NA,NA,NA,NA,NA,NA,NA,NA,NA,NA,NA,2012,Catholic,NA
NA,NA,1,1,2,2,1,4,1,4,5,1,1,5,4,2012,Not Religious,NA
NA,NA,2,2,1,2,1,5,4,4,2,4,4,2,3,2012,Evangelical,Barack Obama
NA,NA,4,2,2,1,2,7,1,7,4,4,4,2,1,2012,Evangelical,Mitt Romney
NA,NA,2,2,2,1,1,4,4,4,2,4,4,2,2,2012,Evangelical,Barack Obama
NA,NA,4,2,2,1,2,6,1,4,3,4,4,2,1,2012,Evangelical,Barack Obama
NA,NA,1,2,2,1,2,4,4,4,1,3,3,2,2,2012,Mainline,Barack Obama
NA,NA,5,2,2,2,2,6,3,2,4,4,4,4,1,2012,Catholic,NA
NA,NA,4,1,1,2,1,6,3,4,2,4,4,2,4,2012,Catholic,NA
NA,NA,2,2,2,1,2,4,1,2,2,4,4,2,4,2012,Other Christian,Barack Obama
NA,NA,4,NA,NA,NA,NA,NA,NA,NA,NA,NA,NA,NA,NA,2012,Not Religious,NA
NA,NA,4,2,2,1,2,7,4,4,3,3,3,2,4,2012,Evangelical,Mitt Romney
NA,NA,4,2,2,2,2,6,4,1,3,4,3,3,4,2012,Other Christian,Mitt Romney
NA,NA,4,2,2,2,2,4,4,2,3,4,4,2,2,2012,Catholic,Mitt Romney
NA,NA,4,NA,NA,NA,NA,NA,NA,NA,NA,NA,NA,NA,NA,2012,Evangelical,NA
NA,NA,4,2,2,2,1,4,4,4,2,4,4,3,4,2012,Catholic,Mitt Romney
NA,NA,2,2,1,1,1,2,4,4,2,4,3,2,4,2012,Mainline,Mitt Romney
NA,NA,4,2,2,2,1,6,2,4,3,3,2,3,3,2012,Not Religious,Mitt Romney
NA,NA,2,2,2,1,2,4,4,4,3,5,4,2,2,2012,Other Christian,NA
NA,NA,2,1,1,2,1,4,4,3,3,5,5,2,2,2012,Not Religious,Barack Obama
NA,NA,2,2,2,1,1,4,4,4,2,4,4,2,3,2012,Catholic,NA
NA,NA,2,2,1,2,1,7,1,4,3,3,3,2,3,2012,Other Christian,Barack Obama
NA,NA,2,2,2,1,2,7,1,7,4,4,4,3,2,2012,Evangelical,Mitt Romney
NA,NA,4,1,2,1,2,6,4,4,2,4,4,2,4,2012,Mainline,NA
NA,NA,4,2,2,2,2,4,3,4,3,4,4,2,4,2012,Catholic,Mitt Romney
NA,NA,2,2,2,2,2,4,4,5,1,2,2,4,7,2012,Not Religious,NA
NA,NA,4,1,1,2,1,6,4,7,2,2,4,2,4,2012,Not Religious,Mitt Romney
NA,NA,4,2,1,1,2,6,4,4,2,4,3,1,4,2012,Not Religious,Mitt Romney
NA,NA,2,1,1,2,1,7,2,2,2,3,4,2,4,2012,Not Religious,Barack Obama
NA,NA,4,2,2,1,1,4,4,4,1,4,4,1,4,2012,Other Christian,Mitt Romney
NA,NA,2,2,2,2,2,5,1,7,2,4,4,3,3,2012,Not Religious,Mitt Romney
NA,NA,2,1,2,2,2,7,1,4,2,5,1,2,2,2012,Not Religious,Barack Obama
NA,NA,2,2,2,1,2,4,4,4,2,4,2,2,4,2012,Not Religious,NA
NA,NA,4,2,2,2,1,4,4,4,2,4,4,2,1,2012,Catholic,NA
NA,NA,4,2,1,2,2,4,4,6,1,1,3,3,4,2012,Not Religious,Mitt Romney
NA,NA,1,2,1,1,1,4,3,2,2,4,4,2,1,2012,Catholic,Barack Obama
NA,NA,2,1,1,2,1,4,4,1,3,4,4,2,3,2012,Other Christian,Barack Obama
NA,NA,5,2,2,1,1,6,4,4,2,4,3,1,4,2012,Not Religious,NA
NA,NA,5,2,2,2,2,4,1,1,5,5,3,3,2,2012,Jewish,Mitt Romney
NA,NA,2,1,2,2,2,6,4,4,3,5,4,2,1,2012,Not Religious,Barack Obama
NA,NA,2,2,2,1,1,4,4,4,2,3,4,3,4,2012,Other Christian,Barack Obama
NA,NA,1,2,2,1,2,7,1,5,2,2,2,4,4,2012,Evangelical,Barack Obama
NA,NA,2,2,2,2,1,4,2,6,2,2,3,3,2,2012,Catholic,Mitt Romney
NA,NA,2,2,2,2,2,4,4,4,3,5,5,3,3,2012,Catholic,Barack Obama
NA,NA,2,2,2,1,1,1,4,1,5,2,2,4,2,2012,Evangelical,Barack Obama
NA,NA,2,2,2,1,2,4,4,4,2,4,4,2,1,2012,Catholic,Barack Obama
NA,NA,2,2,2,2,1,4,4,2,4,5,4,4,1,2012,Evangelical,Barack Obama
NA,NA,2,2,1,2,1,7,2,4,3,4,4,2,4,2012,Catholic,Mitt Romney
NA,NA,2,2,2,1,1,7,1,1,3,4,4,2,1,2012,Catholic,Barack Obama
NA,NA,2,2,2,1,1,6,1,2,3,5,4,2,1,2012,NA,NA
NA,NA,4,2,1,2,1,6,1,6,1,4,4,1,4,2012,Evangelical,Mitt Romney
NA,NA,2,2,1,2,1,4,4,4,2,4,4,2,4,2012,Other Christian,Barack Obama
NA,NA,4,2,2,1,1,4,4,5,2,2,1,2,3,2012,Not Religious,Mitt Romney
NA,NA,NA,NA,NA,NA,NA,NA,NA,NA,NA,NA,NA,NA,NA,2012,NA,NA
NA,NA,4,2,2,2,1,4,4,4,2,4,4,2,4,2012,Catholic,Mitt Romney
NA,NA,2,2,2,2,1,6,4,2,2,4,3,2,2,2012,Catholic,NA
NA,NA,2,2,2,1,2,4,4,4,1,4,4,2,2,2012,Catholic,NA
NA,NA,4,2,2,1,2,5,3,2,3,4,3,3,1,2012,Evangelical,Mitt Romney
NA,NA,4,1,2,2,1,4,4,7,2,5,4,2,1,2012,Mainline,Mitt Romney
NA,NA,4,2,1,2,1,4,4,2,3,5,4,4,1,2012,Catholic,Barack Obama
NA,NA,4,2,2,2,2,4,4,3,3,4,4,2,3,2012,Not Religious,Barack Obama
NA,NA,4,2,2,1,2,6,4,2,3,4,4,3,4,2012,Catholic,NA
NA,NA,1,2,2,1,2,4,1,4,2,3,4,2,2,2012,Not Religious,NA
NA,NA,2,2,2,2,1,4,4,2,3,4,4,2,3,2012,Not Religious,Mitt Romney
NA,NA,1,NA,NA,NA,NA,NA,NA,NA,NA,NA,NA,NA,NA,2012,Catholic,NA
NA,NA,2,2,2,1,2,6,4,2,3,4,3,2,1,2012,Evangelical,Barack Obama
NA,NA,2,2,2,1,2,5,1,4,2,4,3,2,4,2012,Other Religion,Mitt Romney
NA,NA,4,2,2,1,1,6,1,6,3,2,3,2,4,2012,Evangelical,Mitt Romney
NA,NA,2,2,2,1,1,5,4,6,2,4,2,2,4,2012,Catholic,Mitt Romney
NA,NA,4,1,1,2,2,4,4,7,2,2,2,2,4,2012,Other Religion,Mitt Romney
NA,NA,2,1,2,1,2,4,4,2,3,4,4,2,2,2012,Catholic,Barack Obama
NA,NA,5,2,2,1,2,4,1,7,1,1,1,1,4,2012,Catholic,NA
NA,NA,2,2,2,1,2,7,1,4,2,3,4,2,4,2012,Mainline,Barack Obama
NA,NA,5,2,1,1,2,6,1,4,3,3,2,3,4,2012,Evangelical,Mitt Romney
NA,NA,2,NA,NA,NA,NA,NA,NA,NA,NA,NA,NA,NA,NA,2012,Not Religious,NA
NA,NA,4,2,1,1,1,6,2,5,2,4,3,2,3,2012,Other Christian,Mitt Romney
NA,NA,4,2,2,1,1,4,4,7,1,3,2,1,4,2012,Other Christian,Mitt Romney
NA,NA,2,2,2,2,1,5,4,3,3,3,4,2,4,2012,Not Religious,Barack Obama
NA,NA,4,2,2,2,1,5,4,2,3,4,4,2,2,2012,Mainline,Mitt Romney
NA,NA,5,2,1,1,1,5,2,4,2,4,4,2,3,2012,Evangelical,Mitt Romney
NA,NA,5,NA,NA,NA,NA,NA,NA,NA,NA,NA,NA,NA,NA,2012,Evangelical,NA
NA,NA,4,2,2,1,2,6,1,4,2,4,4,2,3,2012,Evangelical,Mitt Romney
NA,NA,2,2,2,1,2,4,4,4,2,4,4,2,2,2012,Evangelical,NA
NA,NA,4,1,1,2,1,4,4,4,1,5,5,1,4,2012,Catholic,Mitt Romney
NA,NA,2,2,2,1,1,4,4,4,3,1,3,2,4,2012,Not Religious,NA
NA,NA,NA,2,2,1,1,7,1,4,2,2,4,2,6,2012,Other Christian,Mitt Romney
NA,NA,2,2,2,1,1,6,2,4,3,4,4,2,2,2012,Catholic,Mitt Romney
NA,NA,4,2,2,2,1,4,4,4,3,4,4,3,2,2012,Not Religious,NA
NA,NA,2,2,2,1,2,4,4,1,2,5,4,2,3,2012,Evangelical,NA
NA,NA,4,NA,NA,NA,NA,NA,NA,NA,NA,NA,NA,NA,NA,2012,Other Christian,NA
NA,NA,2,1,1,2,1,4,3,2,4,4,3,4,1,2012,Not Religious,Barack Obama
NA,NA,2,2,2,2,1,5,5,4,2,4,4,2,4,2012,Not Religious,Barack Obama
NA,NA,1,1,2,2,2,1,1,1,1,1,1,4,1,2012,Other Christian,NA
NA,NA,4,2,2,1,2,7,2,2,3,2,2,4,1,2012,Evangelical,Barack Obama
NA,NA,2,2,2,2,2,6,2,4,2,3,4,1,4,2012,Other Religion,NA
NA,NA,2,2,2,2,1,5,2,5,2,4,4,2,2,2012,Other Religion,Mitt Romney
NA,NA,2,2,2,1,2,6,1,2,3,4,3,3,6,2012,Mainline,Barack Obama
NA,NA,4,2,2,2,1,5,4,7,2,3,2,NA,2,2012,Mainline,Mitt Romney
NA,NA,2,2,2,2,2,7,4,4,2,2,4,2,4,2012,Catholic,Barack Obama
NA,NA,1,2,2,1,1,6,1,4,3,4,4,2,4,2012,Catholic,Mitt Romney
NA,NA,4,2,2,1,2,7,4,1,2,2,3,3,4,2012,Not Religious,NA
NA,NA,2,1,2,2,1,4,2,4,3,5,5,2,3,2012,Evangelical,Mitt Romney
NA,NA,2,2,2,1,2,6,1,4,3,3,3,3,2,2012,Evangelical,Barack Obama
NA,NA,2,2,2,1,2,6,1,4,2,3,4,2,1,2012,Evangelical,Barack Obama
NA,NA,2,2,2,1,1,6,1,4,3,3,3,3,4,2012,Not Religious,Barack Obama
NA,NA,4,1,1,2,1,4,4,2,4,4,5,2,1,2012,Not Religious,NA
NA,NA,4,1,1,1,1,6,2,4,2,2,4,2,4,2012,Catholic,Mitt Romney
NA,NA,4,2,2,2,1,4,4,3,4,5,4,2,1,2012,Not Religious,Barack Obama
NA,NA,4,2,2,1,1,4,4,7,2,3,4,2,2,2012,Evangelical,Mitt Romney
NA,NA,2,2,1,2,1,4,4,2,3,4,4,2,2,2012,Not Religious,NA
NA,NA,5,2,2,2,2,4,4,4,3,4,4,2,3,2012,Catholic,Mitt Romney
NA,NA,4,2,2,1,1,4,2,4,2,4,4,2,2,2012,Catholic,Barack Obama
NA,NA,2,2,1,1,2,7,7,4,3,3,4,2,4,2012,Catholic,NA
NA,NA,2,2,2,2,1,4,4,4,2,4,3,2,4,2012,Catholic,Barack Obama
NA,NA,2,2,1,2,1,4,2,2,3,5,5,3,2,2012,Mainline,Barack Obama
NA,NA,5,2,1,2,1,7,4,6,4,5,5,4,1,2012,Not Religious,NA
NA,NA,5,2,1,1,1,6,4,4,3,4,4,2,3,2012,Mainline,Mitt Romney
NA,NA,2,1,1,2,1,4,4,4,3,4,5,2,2,2012,Mainline,NA
NA,NA,2,2,2,2,2,6,4,2,2,4,4,2,1,2012,Other Christian,NA
NA,NA,2,1,2,1,1,4,4,4,3,4,4,2,1,2012,Catholic,Barack Obama
NA,NA,4,2,2,1,2,6,4,2,3,5,4,2,4,2012,Catholic,Barack Obama
NA,NA,2,2,2,1,1,4,4,1,3,4,4,2,2,2012,Evangelical,NA
NA,NA,1,2,2,2,1,5,1,4,2,4,3,3,4,2012,Catholic,Barack Obama
NA,NA,4,2,2,2,1,4,4,1,3,3,3,3,2,2012,Catholic,Mitt Romney
NA,NA,2,2,2,1,2,6,1,6,1,3,4,2,4,2012,Evangelical,Mitt Romney
NA,NA,4,2,1,1,1,6,2,4,3,4,4,2,2,2012,Catholic,Mitt Romney
NA,NA,NA,1,2,1,2,4,4,2,2,2,4,2,5,2012,Evangelical,Barack Obama
NA,NA,4,1,1,2,1,5,5,6,3,4,4,3,6,2012,Not Religious,NA
NA,NA,2,1,1,2,2,6,2,4,2,4,4,2,2,2012,Jewish,Mitt Romney
NA,NA,2,2,2,1,2,4,4,4,1,5,5,2,2,2012,Catholic,Barack Obama
NA,NA,4,1,2,1,2,4,4,4,3,5,5,2,1,2012,Not Religious,Barack Obama
NA,NA,4,NA,NA,NA,NA,NA,NA,NA,NA,NA,NA,NA,NA,2012,Not Religious,NA
NA,NA,5,1,1,1,1,7,6,6,3,3,4,3,2,2012,Evangelical,Barack Obama
NA,NA,1,2,2,2,1,4,4,4,2,3,2,2,4,2012,Other Christian,Barack Obama
NA,NA,1,2,1,2,1,6,4,4,3,2,4,2,3,2012,Catholic,Barack Obama
NA,NA,2,1,2,2,1,6,5,6,2,4,4,2,4,2012,Catholic,Mitt Romney
NA,NA,5,2,2,1,1,4,4,5,1,1,3,2,4,2012,Mainline,NA
NA,NA,4,2,2,1,1,4,4,4,2,5,4,1,4,2012,Not Religious,NA
NA,NA,1,NA,NA,NA,NA,NA,NA,NA,NA,NA,NA,NA,NA,2012,Catholic,NA
NA,NA,4,1,2,1,1,5,4,4,3,4,5,1,4,2012,Catholic,Barack Obama
NA,NA,4,1,1,2,2,6,4,6,2,4,4,2,4,2012,Other Religion,Other
NA,NA,4,1,2,2,2,6,2,2,2,4,4,2,3,2012,Evangelical,NA
NA,NA,4,2,2,1,2,4,4,4,3,3,3,3,4,2012,Not Religious,Barack Obama
NA,NA,1,1,2,1,1,4,4,4,2,5,3,2,4,2012,Other Christian,Barack Obama
NA,NA,5,2,2,1,1,7,1,2,4,3,2,3,2,2012,Evangelical,Mitt Romney
NA,NA,2,NA,NA,NA,NA,NA,NA,NA,NA,NA,NA,NA,NA,2012,Catholic,NA
NA,NA,4,2,2,1,2,7,1,7,2,1,1,2,4,2012,Evangelical,Mitt Romney
NA,NA,4,2,2,1,1,6,4,1,3,5,2,2,4,2012,Evangelical,Mitt Romney
NA,NA,2,1,1,2,1,6,4,2,3,4,4,2,3,2012,Not Religious,Barack Obama
NA,NA,2,2,1,2,1,6,2,4,3,5,4,2,2,2012,Not Religious,Mitt Romney
NA,NA,2,2,2,1,1,6,4,1,4,4,4,2,2,2012,Evangelical,Barack Obama
NA,NA,4,1,1,2,1,4,4,3,3,4,4,3,3,2012,Not Religious,NA
NA,NA,2,2,2,2,1,6,4,4,2,3,4,3,4,2012,Mainline,Mitt Romney
NA,NA,2,2,2,1,2,5,2,1,5,5,4,5,1,2012,Other Christian,NA
NA,NA,4,2,2,1,2,7,4,2,3,2,2,3,4,2012,Catholic,Mitt Romney
NA,NA,2,2,2,1,1,5,3,6,3,4,3,2,2,2012,Other Christian,Barack Obama
NA,NA,5,1,2,2,1,4,3,4,3,3,4,2,5,2012,Not Religious,Mitt Romney
NA,NA,2,1,2,2,1,5,4,4,2,3,4,2,4,2012,Evangelical,NA
NA,NA,4,1,1,2,2,6,2,4,3,5,3,2,2,2012,Evangelical,NA
NA,NA,NA,NA,NA,NA,NA,NA,NA,NA,NA,NA,NA,NA,NA,2012,Evangelical,NA
NA,NA,2,2,2,2,1,4,4,1,2,4,4,2,1,2012,Other Christian,Barack Obama
NA,NA,2,1,2,2,2,6,2,4,3,3,4,3,2,2012,Not Religious,NA
NA,NA,4,2,2,1,2,6,2,4,2,4,4,2,4,2012,Not Religious,NA
NA,NA,4,2,1,1,1,6,1,4,2,4,4,2,4,2012,Mainline,Barack Obama
NA,NA,4,2,2,2,1,6,2,4,2,2,4,2,4,2012,Mainline,Mitt Romney
NA,NA,2,2,2,1,1,6,2,2,3,4,4,2,1,2012,Catholic,Barack Obama
NA,NA,NA,2,2,1,2,7,1,4,2,2,4,3,4,2012,Evangelical,Mitt Romney
NA,NA,2,2,1,2,1,7,2,4,2,5,3,1,3,2012,Mainline,Barack Obama
NA,NA,5,2,2,1,1,6,4,1,3,5,4,4,1,2012,Evangelical,Barack Obama
NA,NA,2,2,2,1,2,7,1,4,2,5,4,2,2,2012,Catholic,NA
NA,NA,4,2,2,1,1,5,1,1,3,4,4,4,4,2012,Catholic,NA
NA,NA,4,2,2,1,1,6,4,4,3,4,4,2,2,2012,Evangelical,Mitt Romney
NA,NA,2,2,2,2,2,6,1,3,3,4,4,2,3,2012,Not Religious,Barack Obama
NA,NA,5,2,2,1,2,7,1,1,4,3,3,3,1,2012,Other Religion,Mitt Romney
NA,NA,2,2,2,1,1,6,6,5,3,3,2,3,6,2012,Not Religious,Barack Obama
NA,NA,4,1,2,1,2,4,2,4,3,4,3,2,4,2012,Catholic,Mitt Romney
NA,NA,1,NA,NA,NA,NA,NA,NA,NA,NA,NA,NA,NA,NA,2012,Catholic,NA
NA,NA,5,2,2,2,1,6,2,2,4,4,4,4,1,2012,Not Religious,NA
NA,NA,NA,NA,NA,NA,NA,NA,NA,NA,NA,NA,NA,NA,NA,2012,Not Religious,NA
NA,NA,4,NA,NA,NA,NA,NA,NA,NA,NA,NA,NA,NA,NA,2012,Not Religious,NA
NA,NA,2,2,2,1,2,4,4,1,5,5,2,4,1,2012,Evangelical,Barack Obama
NA,NA,4,1,1,2,2,4,3,4,3,4,4,2,4,2012,Other Christian,NA
NA,NA,1,1,1,2,1,4,4,2,4,4,4,2,2,2012,Not Religious,Barack Obama
NA,NA,2,2,1,1,1,4,4,4,3,4,3,2,4,2012,Not Religious,Barack Obama
NA,NA,2,2,1,2,2,6,1,1,3,2,3,4,1,2012,Mainline,Mitt Romney
NA,NA,4,1,2,2,1,6,3,4,2,3,2,2,3,2012,Mainline,Mitt Romney
NA,NA,4,2,2,2,2,4,4,4,3,3,3,3,3,2012,Not Religious,Barack Obama
NA,NA,4,2,1,2,1,6,3,4,2,4,5,3,2,2012,Not Religious,NA
NA,NA,2,2,1,2,1,4,4,4,3,4,3,3,3,2012,Mainline,Barack Obama
NA,NA,2,2,2,1,2,4,4,4,3,5,4,2,4,2012,Other Religion,NA
NA,NA,4,1,2,2,1,6,4,4,3,2,4,2,4,2012,Not Religious,Barack Obama
NA,NA,4,2,1,2,1,4,1,1,3,3,3,5,2,2012,Mainline,Barack Obama
NA,NA,2,2,2,1,1,6,4,4,3,4,4,3,4,2012,Other Christian,Mitt Romney
NA,NA,4,1,2,1,1,6,6,7,1,3,3,3,2,2012,Other Christian,Mitt Romney
NA,NA,4,2,2,2,1,4,4,2,3,3,3,3,3,2012,Not Religious,NA
NA,NA,2,2,2,1,2,4,1,2,3,3,4,3,1,2012,Evangelical,NA
NA,NA,5,2,2,1,2,2,2,4,2,3,4,2,4,2012,Evangelical,Mitt Romney
NA,NA,5,NA,NA,NA,NA,NA,NA,NA,NA,NA,NA,NA,NA,2012,Other Christian,NA
NA,NA,4,2,2,1,1,6,4,4,3,5,4,2,1,2012,Catholic,NA
NA,NA,2,1,2,2,1,4,4,2,4,5,5,2,4,2012,Not Religious,Barack Obama
NA,NA,4,1,2,2,1,6,4,3,3,5,4,2,2,2012,Mainline,Barack Obama
NA,NA,2,2,2,2,1,6,2,6,3,4,3,1,4,2012,Not Religious,Barack Obama
NA,NA,2,2,2,1,1,4,4,2,2,4,4,3,2,2012,Mainline,NA
NA,NA,4,2,2,1,2,6,2,4,3,4,4,2,2,2012,Not Religious,Barack Obama
NA,NA,2,1,1,2,1,4,4,4,3,4,4,2,2,2012,Not Religious,Other
NA,NA,2,2,2,1,2,6,4,2,4,5,4,3,1,2012,Evangelical,Barack Obama
NA,NA,4,1,1,2,1,4,4,2,4,4,4,2,2,2012,Not Religious,Barack Obama
NA,NA,4,2,NA,2,1,7,4,7,2,2,1,2,6,2012,Not Religious,Mitt Romney
NA,NA,4,2,2,1,1,7,1,1,3,4,4,4,1,2012,Evangelical,Mitt Romney
NA,NA,2,1,1,2,2,4,4,4,3,4,4,1,4,2012,Catholic,Barack Obama
NA,NA,2,2,2,1,1,6,2,2,4,4,4,3,4,2012,Other Christian,Barack Obama
NA,NA,2,2,2,2,1,4,4,2,3,4,4,3,2,2012,Mainline,Barack Obama
NA,NA,2,2,2,2,1,4,4,3,2,3,5,2,6,2012,Not Religious,NA
NA,NA,4,2,2,1,2,4,4,4,3,3,3,3,4,2012,Evangelical,Barack Obama
NA,NA,4,2,2,2,1,6,1,2,3,4,2,3,1,2012,Evangelical,NA
NA,NA,5,2,2,1,2,6,1,4,2,5,3,3,1,2012,Catholic,NA
NA,NA,2,1,1,2,1,4,4,2,4,4,4,3,2,2012,Not Religious,Barack Obama
NA,NA,2,NA,NA,NA,NA,NA,NA,NA,NA,NA,NA,NA,NA,2012,Not Religious,NA
NA,NA,1,2,2,1,2,6,1,1,5,5,5,2,1,2012,Not Religious,Barack Obama
NA,NA,4,2,2,1,2,4,4,4,2,3,4,2,4,2012,Evangelical,Mitt Romney
NA,NA,4,2,1,2,1,6,2,1,4,4,4,4,1,2012,Mainline,Mitt Romney
NA,NA,2,2,2,2,1,4,2,2,2,4,3,2,2,2012,Not Religious,NA
NA,NA,4,2,2,2,1,7,2,1,3,5,5,2,1,2012,Catholic,Barack Obama
NA,NA,4,NA,NA,NA,NA,NA,NA,NA,NA,NA,NA,NA,NA,2012,Other Christian,NA
NA,NA,5,2,2,1,2,5,1,6,1,2,3,2,4,2012,Catholic,Mitt Romney
NA,NA,2,1,2,2,1,7,1,1,3,4,4,2,2,2012,Other Christian,Mitt Romney
NA,NA,4,2,1,2,1,4,4,4,3,4,3,3,3,2012,Catholic,Other
NA,NA,4,2,2,1,2,4,4,4,1,3,3,3,4,2012,Not Religious,NA
NA,NA,4,2,2,2,1,7,4,2,4,3,3,4,1,2012,Other Christian,NA
NA,NA,2,2,2,1,1,6,2,6,2,4,4,2,4,2012,Catholic,Barack Obama
NA,NA,4,2,2,2,1,5,2,4,3,4,4,2,2,2012,Other Religion,Barack Obama
NA,NA,5,2,2,1,1,4,4,4,2,2,2,3,2,2012,Not Religious,Mitt Romney
NA,NA,2,2,2,2,1,6,3,6,2,4,4,2,3,2012,Catholic,Mitt Romney
NA,NA,2,2,2,2,1,7,4,1,3,3,5,2,2,2012,Other Religion,NA
NA,NA,2,1,2,1,1,6,2,4,2,4,4,2,2,2012,Evangelical,Mitt Romney
NA,NA,2,1,1,2,1,4,4,4,2,4,4,3,1,2012,Other Christian,Barack Obama
NA,NA,1,1,2,1,2,7,3,4,5,5,5,1,4,2012,Mainline,NA
NA,NA,5,1,2,2,2,6,4,4,2,1,1,2,4,2012,Catholic,NA
NA,NA,4,1,1,2,2,7,2,1,5,3,3,3,4,2012,Evangelical,NA
NA,NA,4,2,2,1,1,4,1,4,3,4,4,2,4,2012,Evangelical,Mitt Romney
NA,NA,4,NA,NA,NA,NA,NA,NA,NA,NA,NA,NA,NA,NA,2012,Other Christian,NA
NA,NA,4,NA,NA,NA,NA,NA,NA,NA,NA,NA,NA,NA,NA,2012,Not Religious,NA
NA,NA,2,2,1,1,1,4,2,4,3,4,3,3,3,2012,Other Christian,Other
NA,NA,2,2,2,1,1,7,2,2,4,4,4,3,2,2012,Other Christian,Barack Obama
NA,NA,1,2,2,2,1,4,4,4,3,4,3,2,4,2012,Catholic,Barack Obama
NA,NA,2,1,1,2,1,5,4,4,2,4,4,2,3,2012,Not Religious,Barack Obama
NA,NA,4,2,2,1,1,6,1,4,4,4,4,3,2,2012,Not Religious,Mitt Romney
NA,NA,1,2,2,1,2,5,4,4,2,4,4,2,4,2012,Evangelical,Mitt Romney
NA,NA,4,2,2,2,2,5,2,2,4,5,3,1,4,2012,Other Christian,Mitt Romney
NA,NA,2,2,2,1,1,4,4,2,4,4,4,2,2,2012,Mainline,Barack Obama
NA,NA,4,2,2,2,1,4,1,4,2,4,4,2,1,2012,Not Religious,NA
NA,NA,2,2,2,2,1,4,4,2,4,4,4,2,2,2012,Mainline,Barack Obama
NA,NA,5,2,2,1,2,7,1,4,1,3,4,2,4,2012,Not Religious,Mitt Romney
NA,NA,2,2,2,1,1,4,4,1,5,2,2,4,3,2012,Mainline,Barack Obama
NA,NA,5,NA,NA,NA,NA,NA,NA,NA,NA,NA,NA,NA,NA,2012,Catholic,NA
NA,NA,1,1,2,2,1,7,2,1,4,4,4,2,1,2012,Evangelical,NA
NA,NA,2,2,2,1,2,7,1,4,2,2,3,3,4,2012,Evangelical,Mitt Romney
NA,NA,1,2,1,2,1,4,4,4,3,4,4,1,1,2012,Other Christian,Barack Obama
NA,NA,2,1,1,2,1,6,4,1,3,5,5,2,2,2012,Not Religious,Barack Obama
NA,NA,5,2,2,1,1,4,1,7,1,2,2,1,4,2012,Mainline,NA
NA,NA,4,1,2,1,1,7,1,4,1,3,4,2,3,2012,Evangelical,Mitt Romney
NA,NA,2,2,2,1,2,7,1,4,5,5,4,4,1,2012,Evangelical,NA
NA,NA,2,2,2,1,2,6,1,2,4,4,1,4,1,2012,Evangelical,Mitt Romney
NA,NA,5,2,2,2,2,2,4,2,5,2,4,2,4,2012,Evangelical,NA
NA,NA,5,2,2,2,1,4,4,5,3,4,2,2,2,2012,Mainline,Mitt Romney
NA,NA,4,2,2,1,1,4,2,4,4,5,4,4,3,2012,Catholic,Mitt Romney
NA,NA,4,2,2,1,2,6,4,2,3,4,3,2,1,2012,Mainline,Barack Obama
NA,NA,NA,1,1,2,2,4,4,4,5,1,1,5,4,2012,Not Religious,NA
NA,NA,2,1,1,1,1,5,4,4,3,3,5,2,3,2012,Catholic,Barack Obama
NA,NA,1,2,2,1,2,4,4,7,5,3,2,3,4,2012,Catholic,NA
NA,NA,4,2,2,1,1,6,4,2,2,5,4,2,4,2012,Other Christian,NA
NA,NA,2,2,2,1,1,7,1,4,2,2,2,2,4,2012,Mainline,Mitt Romney
NA,NA,4,2,1,2,1,6,1,1,4,5,4,3,1,2012,Evangelical,Barack Obama
NA,NA,2,2,2,1,1,4,2,4,3,4,4,2,2,2012,Catholic,Barack Obama
NA,NA,4,2,1,2,1,7,1,2,3,4,4,4,3,2012,Not Religious,Mitt Romney
NA,NA,5,2,2,1,1,6,2,4,2,4,4,2,4,2012,Evangelical,Mitt Romney
NA,NA,2,2,2,2,1,6,4,4,3,4,4,3,2,2012,Not Religious,Barack Obama
NA,NA,2,NA,NA,NA,NA,NA,NA,NA,NA,NA,NA,NA,NA,2012,Not Religious,NA
NA,NA,2,2,2,1,2,5,3,4,3,5,5,2,4,2012,Other Christian,NA
NA,NA,4,1,2,1,1,7,1,1,3,4,4,3,1,2012,Other Religion,Mitt Romney
NA,NA,5,2,2,1,1,4,1,4,2,3,4,2,4,2012,Evangelical,Mitt Romney
NA,NA,1,2,1,2,1,6,1,6,3,4,4,2,6,2012,Evangelical,Barack Obama
NA,NA,2,1,1,2,1,6,2,1,5,5,5,2,2,2012,Mainline,Barack Obama
NA,NA,2,2,2,1,1,6,2,2,4,5,5,3,2,2012,Catholic,Barack Obama
NA,NA,2,2,2,2,1,7,4,4,2,2,4,2,3,2012,Not Religious,NA
NA,NA,2,2,2,1,1,4,6,2,3,4,4,2,4,2012,Other Christian,Barack Obama
NA,NA,2,2,1,1,1,6,1,4,2,3,2,4,2,2012,Other Christian,NA
NA,NA,4,2,1,2,1,4,4,1,3,4,5,2,2,2012,Other Christian,Barack Obama
NA,NA,4,NA,NA,NA,NA,NA,NA,NA,NA,NA,NA,NA,NA,2012,Catholic,NA
NA,NA,2,2,2,1,2,4,3,1,3,1,4,2,1,2012,Not Religious,Barack Obama
NA,NA,2,2,2,1,1,7,4,4,2,4,2,2,4,2012,Other Christian,Mitt Romney
NA,NA,4,2,2,2,1,6,2,3,3,5,3,3,1,2012,Mainline,Barack Obama
NA,NA,2,2,2,1,1,4,4,6,2,3,3,2,7,2012,Evangelical,Barack Obama
NA,NA,4,2,1,1,1,6,6,2,3,4,4,2,4,2012,Other Religion,NA
NA,NA,1,2,2,1,2,7,4,4,3,2,3,3,6,2012,Not Religious,Barack Obama
NA,NA,4,2,2,2,2,6,4,4,3,4,4,2,2,2012,Catholic,Barack Obama
NA,NA,2,2,2,2,1,4,4,2,4,4,3,4,2,2012,Mainline,Barack Obama
NA,NA,4,2,1,2,2,7,1,7,2,2,2,2,4,2012,Not Religious,Barack Obama
NA,NA,2,2,2,2,2,7,7,7,1,1,1,1,6,2012,Catholic,Other
NA,NA,4,2,2,1,1,4,4,4,2,4,4,2,2,2012,Catholic,Barack Obama
NA,NA,2,2,2,1,2,4,4,4,3,2,2,1,4,2012,Catholic,Mitt Romney
NA,NA,2,2,2,2,2,6,6,2,3,4,4,2,4,2012,Not Religious,Barack Obama
NA,NA,2,1,1,2,1,4,4,2,3,4,3,3,1,2012,Not Religious,Barack Obama
NA,NA,4,2,2,2,1,5,2,4,3,4,4,2,2,2012,Evangelical,Mitt Romney
NA,NA,2,2,1,2,1,6,4,2,3,3,2,3,2,2012,Evangelical,Other
NA,NA,4,2,1,1,1,4,2,4,3,4,4,2,2,2012,Evangelical,NA
NA,NA,2,2,2,2,2,4,4,4,3,3,4,2,3,2012,Not Religious,NA
NA,NA,4,1,2,1,1,7,1,6,2,3,2,2,4,2012,Catholic,Mitt Romney
NA,NA,2,2,2,1,2,4,4,4,3,4,2,2,4,2012,Catholic,NA
NA,NA,NA,2,2,1,1,4,4,6,1,2,4,2,4,2012,Evangelical,Mitt Romney
NA,NA,5,NA,NA,NA,NA,NA,NA,NA,NA,NA,NA,NA,NA,2012,Catholic,NA
NA,NA,2,2,1,2,1,2,2,1,2,3,4,3,2,2012,Catholic,NA
NA,NA,2,2,1,1,1,4,4,2,3,5,5,2,2,2012,Mainline,Barack Obama
NA,NA,2,2,2,1,1,5,4,4,2,2,4,2,4,2012,Evangelical,Barack Obama
NA,NA,2,2,2,1,1,4,4,2,3,4,4,2,2,2012,Not Religious,Barack Obama
NA,NA,2,2,1,2,1,4,4,2,3,5,5,3,2,2012,Not Religious,NA
NA,NA,2,1,2,2,2,6,4,4,3,4,4,2,3,2012,Catholic,Barack Obama
NA,NA,5,2,2,1,2,4,2,4,2,5,4,2,2,2012,Other Christian,Mitt Romney
NA,NA,5,2,1,1,2,6,4,4,2,3,4,2,3,2012,Evangelical,NA
NA,NA,2,NA,NA,NA,NA,NA,NA,NA,NA,NA,NA,NA,NA,2012,Not Religious,NA
NA,NA,4,2,2,2,2,4,3,4,2,4,3,2,2,2012,Catholic,NA
NA,NA,4,2,2,1,2,7,1,4,1,3,3,3,4,2012,Not Religious,NA
NA,NA,5,2,1,1,2,4,1,1,2,4,1,2,4,2012,Catholic,Mitt Romney
NA,NA,5,2,2,2,1,7,1,4,3,2,2,3,6,2012,Not Religious,Mitt Romney
NA,NA,1,NA,NA,NA,NA,NA,NA,NA,NA,NA,NA,NA,NA,2012,Other Christian,NA
NA,NA,4,2,2,1,2,7,2,2,3,4,4,2,4,2012,Other Christian,NA
NA,NA,2,NA,NA,NA,NA,NA,NA,NA,NA,NA,NA,NA,NA,2012,NA,NA
NA,NA,4,2,2,2,1,4,4,6,2,2,3,2,4,2012,Other Religion,Mitt Romney
NA,NA,2,2,2,1,1,4,4,4,3,5,2,2,3,2012,Catholic,Barack Obama
NA,NA,2,2,2,1,2,6,2,4,3,4,4,2,4,2012,Mainline,Barack Obama
NA,NA,4,2,1,1,1,5,4,4,3,4,4,2,3,2012,Evangelical,NA
NA,NA,2,2,2,2,2,6,4,2,3,4,4,2,2,2012,Mainline,NA
NA,NA,2,2,2,1,1,6,4,2,4,5,5,2,2,2012,Not Religious,NA
NA,NA,4,2,2,2,1,6,2,2,3,4,4,2,2,2012,Mainline,Mitt Romney
NA,NA,4,1,1,2,2,7,4,1,3,1,4,4,1,2012,Not Religious,NA
NA,NA,4,2,2,1,1,6,2,4,2,4,4,2,4,2012,Other Christian,Mitt Romney
NA,NA,5,2,2,2,1,6,3,4,3,4,4,2,3,2012,Mainline,Mitt Romney
NA,NA,4,2,2,2,1,4,4,4,2,4,4,2,2,2012,Not Religious,Barack Obama
NA,NA,4,1,1,2,1,4,4,2,3,4,5,2,2,2012,Not Religious,NA
NA,NA,2,2,2,1,1,4,4,2,3,4,4,3,2,2012,Catholic,Barack Obama
NA,NA,4,2,2,1,1,4,4,6,3,3,3,3,7,2012,Other Christian,Barack Obama
NA,NA,2,1,2,2,1,6,4,4,3,5,5,1,4,2012,Not Religious,Barack Obama
NA,NA,5,2,2,1,2,4,2,4,1,5,5,1,4,2012,Catholic,NA
NA,NA,5,2,2,1,2,4,7,1,3,5,5,2,3,2012,Other Christian,Mitt Romney
NA,NA,1,2,2,1,2,2,4,1,4,2,2,4,1,2012,Evangelical,Barack Obama
NA,NA,2,1,1,2,1,4,4,4,3,4,2,2,1,2012,Catholic,Barack Obama
NA,NA,4,2,2,1,2,5,4,4,2,4,4,2,3,2012,Not Religious,NA
NA,NA,2,2,2,1,2,6,2,5,2,4,4,2,3,2012,Catholic,NA
NA,NA,2,NA,NA,NA,NA,NA,NA,NA,NA,NA,NA,NA,NA,2012,Catholic,NA
NA,NA,4,1,2,2,2,4,4,1,4,5,4,2,1,2012,Other Christian,Barack Obama
NA,NA,2,1,2,1,2,4,4,4,2,3,5,1,2,2012,Catholic,NA
NA,NA,4,2,2,1,2,4,6,3,4,3,3,2,2,2012,Mainline,NA
NA,NA,4,1,1,2,1,6,4,6,2,2,3,2,6,2012,Catholic,Mitt Romney
NA,NA,4,1,2,2,1,4,4,4,4,4,4,2,3,2012,Catholic,Barack Obama
NA,NA,2,2,2,1,1,7,1,2,2,3,4,2,4,2012,Catholic,NA
NA,NA,2,1,2,1,1,6,2,4,2,4,3,3,2,2012,Catholic,Barack Obama
NA,NA,4,1,2,1,1,4,4,4,1,4,4,2,4,2012,Catholic,Barack Obama
NA,NA,4,2,2,1,1,6,4,4,2,5,4,1,5,2012,Evangelical,NA
NA,NA,2,2,2,2,1,6,4,2,3,4,4,4,1,2012,Catholic,Barack Obama
NA,NA,2,1,1,2,1,6,4,2,4,5,5,2,1,2012,Not Religious,NA
NA,NA,4,2,2,2,2,7,2,4,3,4,4,3,4,2012,Not Religious,Mitt Romney
NA,NA,4,2,1,1,1,6,2,4,2,4,4,2,4,2012,Evangelical,Mitt Romney
NA,NA,2,2,2,2,1,7,1,2,4,4,4,3,1,2012,Catholic,Mitt Romney
NA,NA,2,1,1,2,2,7,1,4,4,3,4,3,3,2012,Not Religious,Barack Obama
NA,NA,2,2,2,1,2,4,1,2,4,4,4,2,2,2012,Evangelical,Barack Obama
NA,NA,4,2,1,2,1,5,3,2,2,5,5,3,3,2012,Jewish,Barack Obama
NA,NA,2,2,1,2,1,5,2,3,3,4,4,2,2,2012,Not Religious,Barack Obama
NA,NA,4,2,2,1,2,7,1,2,4,3,2,4,1,2012,Other Christian,NA
NA,NA,2,2,2,1,1,4,2,4,3,5,5,2,3,2012,Not Religious,Barack Obama
NA,NA,2,2,2,1,2,6,3,1,4,4,4,2,1,2012,Other Christian,Barack Obama
NA,NA,4,NA,NA,NA,NA,NA,NA,NA,NA,NA,NA,NA,NA,2012,Evangelical,NA
NA,NA,5,2,2,2,2,6,3,4,2,4,2,2,3,2012,Catholic,NA
NA,NA,1,NA,NA,NA,NA,NA,NA,NA,NA,NA,NA,NA,NA,2012,Not Religious,NA
NA,NA,4,2,2,1,2,6,4,1,4,5,5,3,1,2012,Catholic,Barack Obama
NA,NA,2,2,1,2,1,4,3,4,2,2,4,4,2,2012,Jewish,Barack Obama
NA,NA,2,1,2,1,2,4,4,4,3,4,4,2,4,2012,Not Religious,NA
NA,NA,4,2,2,1,1,7,1,4,2,4,4,2,2,2012,Evangelical,Mitt Romney
NA,NA,2,2,2,1,1,4,2,4,4,2,3,3,1,2012,Other Christian,Mitt Romney
NA,NA,5,2,2,1,2,6,1,4,2,2,4,2,3,2012,Evangelical,Mitt Romney
NA,NA,2,1,1,2,1,4,4,2,3,5,4,2,2,2012,Not Religious,Barack Obama
NA,NA,2,2,2,1,2,4,6,2,2,3,4,3,2,2012,Not Religious,Barack Obama
NA,NA,1,2,2,1,2,4,4,1,4,5,2,3,2,2012,Other Christian,NA
NA,NA,5,2,2,1,1,4,4,6,2,3,3,2,4,2012,Evangelical,Mitt Romney
NA,NA,5,2,2,2,2,6,4,4,4,5,5,2,2,2012,Not Religious,Barack Obama
NA,NA,1,2,2,1,1,4,4,4,3,3,3,3,3,2012,Not Religious,NA
NA,NA,4,2,2,1,1,4,4,2,3,4,4,2,1,2012,Evangelical,Barack Obama
NA,NA,4,2,2,1,2,6,2,2,3,4,4,3,2,2012,Catholic,Mitt Romney
NA,NA,5,2,2,1,1,6,1,4,1,4,4,2,4,2012,Evangelical,Mitt Romney
NA,NA,1,2,2,1,1,6,1,2,3,3,4,2,4,2012,Catholic,Barack Obama
NA,NA,4,2,2,1,2,4,1,4,2,4,4,1,4,2012,Catholic,Barack Obama
NA,NA,5,1,1,2,1,7,1,4,2,3,3,2,4,2012,Not Religious,Other
NA,NA,5,2,2,2,1,6,4,1,3,4,4,3,2,2012,Mainline,NA
NA,NA,1,1,2,1,2,6,1,4,2,5,5,2,4,2012,Other Christian,Barack Obama
NA,NA,4,2,2,2,1,1,2,2,3,5,4,2,2,2012,Not Religious,Barack Obama
NA,NA,4,2,2,1,2,6,1,1,3,5,4,4,2,2012,Catholic,NA
NA,NA,5,NA,NA,NA,NA,NA,NA,NA,NA,NA,NA,NA,NA,2012,Catholic,NA
NA,NA,2,1,1,2,1,4,4,4,2,4,3,2,4,2012,Evangelical,NA
NA,NA,1,2,2,1,2,6,1,1,5,5,2,1,4,2012,Catholic,Barack Obama
NA,NA,2,2,2,2,1,4,4,4,3,4,4,2,3,2012,Not Religious,Mitt Romney
NA,NA,2,1,1,2,1,6,4,1,4,4,5,2,2,2012,Catholic,Barack Obama
NA,NA,5,2,2,1,2,6,1,5,1,4,4,1,4,2012,Other Christian,NA
NA,NA,2,2,2,2,1,4,4,4,3,4,4,2,4,2012,Catholic,Barack Obama
NA,NA,4,2,2,1,1,4,4,6,1,4,3,3,4,2012,Evangelical,Mitt Romney
NA,NA,4,2,2,1,1,4,1,1,5,4,3,3,4,2012,Other Christian,Mitt Romney
NA,NA,4,2,2,1,2,4,4,4,2,4,2,2,4,2012,Catholic,Barack Obama
NA,NA,4,1,1,2,1,4,3,4,2,5,4,2,4,2012,Catholic,Barack Obama
NA,NA,4,2,2,2,1,6,1,1,4,5,2,2,1,2012,Not Religious,Mitt Romney
NA,NA,2,1,1,2,1,4,4,4,4,4,4,3,1,2012,Not Religious,Barack Obama
NA,NA,4,2,2,1,2,5,2,4,2,4,4,2,3,2012,Not Religious,Mitt Romney
NA,NA,2,2,2,1,2,4,4,4,1,4,5,2,4,2012,Other Christian,Barack Obama
NA,NA,2,2,1,2,1,6,2,2,2,5,5,2,2,2012,Not Religious,NA
NA,NA,4,2,1,2,2,6,2,4,2,4,4,2,4,2012,Mainline,Mitt Romney
NA,NA,2,2,2,1,2,6,4,1,2,3,2,3,3,2012,Not Religious,NA
NA,NA,2,NA,NA,NA,NA,NA,NA,NA,NA,NA,NA,NA,NA,2012,Catholic,NA
NA,NA,2,1,2,2,2,5,1,4,2,3,4,2,6,2012,Not Religious,Barack Obama
NA,NA,4,1,1,2,1,4,4,4,3,4,5,2,2,2012,Catholic,Barack Obama
NA,NA,2,2,2,1,2,6,4,4,4,5,4,2,4,2012,Other Christian,Barack Obama
NA,NA,5,1,2,2,1,7,6,6,3,3,3,4,6,2012,Other Religion,NA
NA,NA,4,2,2,1,2,6,6,2,3,2,4,2,4,2012,Catholic,Barack Obama
NA,NA,2,2,2,1,2,4,1,1,2,5,5,2,1,2012,Catholic,Barack Obama
NA,NA,2,1,2,2,1,6,5,3,2,4,4,2,2,2012,Not Religious,Mitt Romney
NA,NA,2,2,2,1,2,6,1,2,3,2,3,3,4,2012,Evangelical,Barack Obama
NA,NA,2,1,1,2,1,4,4,4,2,4,4,2,2,2012,Not Religious,Other
NA,NA,2,2,2,2,2,4,4,4,3,3,3,3,4,2012,Evangelical,Barack Obama
NA,NA,2,1,2,2,2,5,4,4,2,2,4,2,4,2012,Evangelical,Mitt Romney
NA,NA,2,2,1,2,1,4,4,2,3,4,4,2,2,2012,Not Religious,Barack Obama
NA,NA,4,2,1,2,1,4,2,7,1,2,3,2,4,2012,Not Religious,Mitt Romney
NA,NA,4,2,2,1,2,6,1,4,2,4,4,2,3,2012,Catholic,Mitt Romney
NA,NA,4,1,2,2,1,4,4,1,5,5,4,4,1,2012,Other Christian,Barack Obama
NA,NA,4,NA,NA,NA,NA,NA,NA,NA,NA,NA,NA,NA,NA,2012,Mainline,NA
NA,NA,2,2,2,2,1,4,4,4,4,5,4,4,2,2012,Catholic,Barack Obama
NA,NA,4,NA,NA,NA,NA,NA,NA,NA,NA,NA,NA,NA,NA,2012,Not Religious,NA
NA,NA,1,NA,NA,NA,NA,NA,NA,NA,NA,NA,NA,NA,NA,2012,Catholic,NA
NA,NA,5,2,2,2,1,6,1,6,2,4,4,2,4,2012,Not Religious,NA
NA,NA,1,NA,NA,NA,NA,NA,NA,NA,NA,NA,NA,NA,NA,2012,Not Religious,NA
NA,NA,1,2,2,1,2,6,4,4,3,5,4,2,3,2012,Not Religious,NA
NA,NA,1,1,1,2,1,5,4,2,2,5,5,2,5,2012,Evangelical,Barack Obama
NA,NA,2,2,2,2,2,4,4,4,1,5,3,2,4,2012,Not Religious,Mitt Romney
NA,NA,1,2,2,1,2,7,1,4,2,3,4,2,4,2012,Evangelical,Barack Obama
NA,NA,4,1,2,1,2,4,6,4,3,3,4,5,4,2012,Evangelical,Barack Obama
NA,NA,4,1,1,1,1,4,1,7,2,4,4,2,4,2012,Catholic,Mitt Romney
NA,NA,5,2,2,2,1,6,4,7,1,2,3,1,4,2012,Not Religious,Mitt Romney
NA,NA,4,2,2,1,1,7,1,4,2,4,4,2,4,2012,Other Christian,NA
NA,NA,1,2,2,2,2,4,4,2,3,3,3,3,4,2012,Not Religious,NA
NA,NA,4,1,2,2,2,6,4,1,4,5,4,3,1,2012,Not Religious,Barack Obama
NA,NA,2,2,2,2,2,4,4,4,2,3,4,2,4,2012,Catholic,Barack Obama
NA,NA,2,2,1,2,1,7,1,6,1,1,1,2,4,2012,Other Religion,Mitt Romney
NA,NA,2,2,1,1,1,4,4,4,3,4,4,2,2,2012,Mainline,Barack Obama
NA,NA,2,2,2,1,1,4,1,1,5,5,5,2,1,2012,Evangelical,Barack Obama
NA,NA,4,2,2,1,2,6,2,4,2,4,3,2,4,2012,Other Religion,Mitt Romney
NA,NA,2,2,2,1,1,7,2,4,3,4,3,2,2,2012,Catholic,NA
NA,NA,5,2,2,1,2,2,4,7,3,5,1,4,1,2012,Mainline,NA
NA,NA,4,2,2,1,1,7,1,4,2,3,2,2,4,2012,Catholic,Barack Obama
NA,NA,2,1,1,2,1,4,4,6,1,4,4,1,4,2012,Not Religious,Mitt Romney
NA,NA,5,2,2,1,1,6,2,5,2,3,3,2,4,2012,Evangelical,NA
NA,NA,4,2,2,2,1,7,2,3,2,5,4,2,4,2012,Not Religious,NA
NA,NA,2,2,2,1,2,4,4,4,2,3,3,3,4,2012,Catholic,NA
NA,NA,2,2,1,1,1,5,3,4,3,4,4,2,4,2012,Mainline,Mitt Romney
NA,NA,1,NA,NA,NA,NA,NA,NA,NA,NA,NA,NA,NA,NA,2012,Not Religious,NA
NA,NA,2,2,2,1,2,7,4,4,5,4,2,4,3,2012,Catholic,NA
NA,NA,4,2,2,2,2,6,1,1,3,4,4,2,3,2012,Other Christian,Mitt Romney
NA,NA,4,1,1,2,1,4,4,3,3,4,4,2,2,2012,Not Religious,NA
NA,NA,4,1,1,2,1,4,1,1,4,5,4,4,1,2012,Catholic,NA
NA,NA,5,2,2,1,2,7,4,4,2,4,5,3,4,2012,Not Religious,Barack Obama
NA,NA,NA,2,2,1,2,7,1,NA,4,NA,4,2,1,2012,Other Religion,NA
NA,NA,4,2,2,1,2,6,2,4,2,4,4,1,3,2012,Evangelical,NA
NA,NA,5,2,2,1,1,6,2,4,3,4,3,3,2,2012,Evangelical,NA
NA,NA,2,2,2,1,2,7,2,1,4,4,3,4,1,2012,Other Christian,NA
NA,NA,4,1,2,2,2,2,1,4,2,4,5,2,6,2012,Evangelical,Barack Obama
NA,NA,4,2,2,1,1,5,4,4,2,3,4,2,4,2012,Not Religious,NA
NA,NA,2,1,1,1,1,4,4,4,3,4,4,2,4,2012,Not Religious,Barack Obama
NA,NA,2,2,2,2,1,4,4,4,3,4,3,2,2,2012,Catholic,Mitt Romney
NA,NA,5,2,2,2,2,4,1,4,3,4,4,2,4,2012,Other Christian,Mitt Romney
NA,NA,1,2,2,1,2,4,4,1,4,5,4,4,1,2012,Evangelical,Barack Obama
NA,NA,4,2,2,1,1,5,1,2,2,4,4,4,3,2012,Evangelical,Barack Obama
NA,NA,2,2,2,1,1,4,4,2,3,4,4,2,2,2012,Evangelical,NA
NA,NA,5,1,1,2,1,4,4,4,3,4,4,2,2,2012,Evangelical,Barack Obama
NA,NA,1,1,2,2,1,7,1,6,2,3,3,3,6,2012,Other Religion,Mitt Romney
NA,NA,1,2,2,1,1,4,4,2,3,5,3,2,1,2012,Evangelical,Barack Obama
NA,NA,4,2,2,1,1,6,1,4,2,5,4,2,3,2012,Mainline,Barack Obama
NA,NA,4,NA,NA,NA,NA,NA,NA,NA,NA,NA,NA,NA,NA,2012,NA,NA
NA,NA,4,2,2,1,1,6,4,6,2,4,3,2,4,2012,Mainline,Mitt Romney
NA,NA,4,NA,NA,NA,NA,NA,NA,NA,NA,NA,NA,NA,NA,2012,Evangelical,NA
NA,NA,4,2,1,2,1,4,2,1,3,4,4,2,4,2012,Catholic,Mitt Romney
NA,NA,2,NA,NA,NA,NA,NA,NA,NA,NA,NA,NA,NA,NA,2012,Catholic,NA
NA,NA,2,NA,NA,NA,NA,NA,NA,NA,NA,NA,NA,NA,NA,2012,Catholic,NA
NA,NA,4,2,2,1,2,6,2,4,2,4,4,1,4,2012,Other Religion,Barack Obama
NA,NA,4,2,1,1,1,6,4,4,3,4,4,2,2,2012,Not Religious,Barack Obama
NA,NA,2,1,2,1,1,5,4,4,2,4,4,2,4,2012,Evangelical,NA
NA,NA,1,NA,NA,NA,NA,NA,NA,NA,NA,NA,NA,NA,NA,2012,Evangelical,NA
NA,NA,2,2,1,2,1,4,4,1,2,5,4,2,2,2012,Catholic,Barack Obama
NA,NA,2,1,2,2,2,4,4,4,3,3,3,2,4,2012,Not Religious,Barack Obama
NA,NA,1,2,2,1,2,6,1,6,2,4,2,2,4,2012,Other Religion,NA
NA,NA,4,2,2,1,1,7,3,4,3,4,1,2,4,2012,Catholic,Mitt Romney
NA,NA,4,2,2,1,1,4,4,4,3,1,3,3,5,2012,Other Christian,Mitt Romney
NA,NA,4,2,1,1,1,6,2,4,3,5,4,3,2,2012,Catholic,Barack Obama
NA,NA,2,2,2,1,2,7,1,1,4,4,4,3,2,2012,Catholic,Barack Obama
NA,NA,2,2,2,1,2,6,4,4,4,3,4,3,4,2012,Black Protestant,Barack Obama
NA,NA,2,2,2,1,2,6,4,4,3,5,3,2,1,2012,Evangelical,Barack Obama
NA,NA,2,2,2,1,2,6,1,4,1,5,2,1,4,2012,Other Christian,NA
NA,NA,1,2,1,1,1,7,4,2,3,4,4,2,4,2012,Catholic,NA
NA,NA,4,2,2,1,2,4,4,4,3,3,3,3,4,2012,Other Christian,NA
NA,NA,4,2,2,1,1,7,1,1,3,3,2,2,2,2012,Other Religion,NA
NA,NA,5,NA,NA,NA,NA,NA,NA,NA,NA,NA,NA,NA,NA,2012,Catholic,NA
NA,NA,4,2,2,2,1,4,4,4,3,4,4,2,2,2012,Mainline,Barack Obama
NA,NA,4,2,2,1,1,6,1,4,1,2,3,2,4,2012,Evangelical,NA
NA,NA,1,1,1,2,1,6,4,4,2,5,4,2,2,2012,Mainline,Barack Obama
NA,NA,4,2,2,2,1,7,2,4,3,3,4,2,2,2012,Evangelical,Mitt Romney
NA,NA,2,1,2,1,1,7,2,2,3,4,3,3,1,2012,Evangelical,Barack Obama
NA,NA,5,2,2,2,1,7,1,1,4,5,4,2,1,2012,Other Religion,Barack Obama
NA,NA,4,2,2,1,1,6,2,2,3,5,4,2,1,2012,Catholic,NA
NA,NA,4,NA,NA,NA,NA,NA,NA,NA,NA,NA,NA,NA,NA,2012,Other Christian,NA
NA,NA,2,1,2,1,1,4,6,1,5,5,1,5,2,2012,Evangelical,NA
NA,NA,2,1,2,1,2,6,6,5,4,4,4,2,1,2012,Other Religion,Barack Obama
NA,NA,1,2,2,1,2,4,4,5,2,5,5,1,4,2012,Catholic,Barack Obama
NA,NA,2,2,2,1,2,6,1,6,3,4,3,2,2,2012,Evangelical,NA
NA,NA,4,2,2,1,2,6,4,6,4,2,2,3,6,2012,Other Christian,Barack Obama
NA,NA,1,2,2,1,2,5,2,1,2,3,3,5,1,2012,Catholic,Barack Obama
NA,NA,2,1,1,2,1,4,4,2,3,4,4,2,2,2012,Jewish,Barack Obama
NA,NA,NA,1,1,2,1,6,4,2,3,4,3,3,2,2012,Evangelical,Barack Obama
NA,NA,4,1,1,2,2,6,4,4,3,5,4,2,1,2012,Not Religious,Barack Obama
NA,NA,2,2,2,1,2,7,1,4,4,2,3,NA,4,2012,Other Christian,NA
NA,NA,1,2,2,2,2,7,4,2,3,3,2,3,2,2012,Not Religious,NA
NA,NA,2,2,2,2,1,4,4,4,2,3,3,3,4,2012,Not Religious,NA
NA,NA,2,2,2,1,2,4,4,1,4,5,4,3,4,2012,Evangelical,Barack Obama
NA,NA,2,2,2,1,1,4,4,2,2,5,3,2,2,2012,Not Religious,Mitt Romney
NA,NA,5,2,1,2,1,7,2,7,2,1,1,2,7,2012,Not Religious,NA
NA,NA,5,2,1,2,2,7,7,4,2,2,1,5,4,2012,Not Religious,Other
NA,NA,4,2,2,2,2,5,4,6,3,4,3,2,4,2012,Other Christian,Barack Obama
NA,NA,4,1,1,2,1,6,4,4,2,3,4,2,2,2012,Mainline,NA
NA,NA,4,1,2,2,1,4,4,1,4,5,5,3,1,2012,Catholic,Other
NA,NA,5,2,1,2,1,6,1,2,3,3,3,2,4,2012,Evangelical,Mitt Romney
NA,NA,2,2,2,1,1,7,1,4,2,5,5,2,3,2012,Catholic,Barack Obama
NA,NA,4,2,2,2,1,6,4,4,3,4,3,NA,2,2012,Other Christian,Mitt Romney
NA,NA,2,2,2,2,1,6,4,2,4,4,4,3,1,2012,Catholic,Barack Obama
NA,NA,4,1,1,2,1,6,2,3,4,4,4,2,2,2012,Mainline,Other
NA,NA,2,2,2,1,1,4,4,4,3,4,3,2,1,2012,Evangelical,NA
NA,NA,4,2,1,1,1,5,1,4,2,4,4,2,3,2012,Catholic,Barack Obama
NA,NA,4,2,2,1,2,6,4,6,2,3,3,2,7,2012,Other Religion,Mitt Romney
NA,NA,2,2,1,2,1,7,1,4,2,4,4,2,5,2012,Catholic,Mitt Romney
NA,NA,2,2,2,1,2,6,2,6,2,4,4,3,4,2012,Evangelical,Mitt Romney
NA,NA,5,2,2,2,1,7,1,1,5,3,3,3,1,2012,Catholic,NA
NA,NA,4,2,2,1,2,6,1,4,2,3,3,2,4,2012,Other Christian,NA
NA,NA,2,2,1,2,1,7,4,2,3,4,4,3,1,2012,Not Religious,Barack Obama
NA,NA,2,2,2,1,2,6,1,4,3,4,4,3,4,2012,Not Religious,Barack Obama
NA,NA,4,2,2,1,2,7,4,4,3,3,2,2,2,2012,Catholic,Mitt Romney
NA,NA,2,2,2,2,2,6,4,2,4,5,5,4,3,2012,Evangelical,Barack Obama
NA,NA,5,2,1,2,1,6,1,2,3,5,4,2,1,2012,Catholic,NA
NA,NA,2,1,1,2,1,6,4,4,3,5,4,2,2,2012,Other Christian,Barack Obama
NA,NA,2,1,2,2,1,5,4,2,3,4,2,3,2,2012,Evangelical,NA
NA,NA,2,2,2,2,1,6,4,4,3,3,4,2,1,2012,Not Religious,Mitt Romney
NA,NA,4,2,2,2,2,6,4,3,3,4,3,3,4,2012,Not Religious,NA
NA,NA,2,2,2,2,2,4,2,5,2,4,4,2,5,2012,Evangelical,Mitt Romney
NA,NA,4,2,1,2,1,4,1,4,3,3,2,3,4,2012,Not Religious,NA
NA,NA,2,2,2,1,2,7,1,4,3,2,2,2,4,2012,Catholic,NA
NA,NA,2,2,2,1,2,4,2,4,3,4,3,2,2,2012,Catholic,NA
NA,NA,5,2,1,1,2,7,4,4,2,4,4,2,2,2012,Not Religious,Mitt Romney
NA,NA,4,NA,NA,NA,NA,NA,NA,NA,NA,NA,NA,NA,NA,2012,Catholic,NA
NA,NA,4,1,1,2,1,4,4,4,3,4,4,3,3,2012,Mainline,Mitt Romney
NA,NA,5,2,2,1,1,6,4,4,4,3,3,3,4,2012,Not Religious,NA
NA,NA,2,1,1,2,1,6,4,2,3,4,4,2,2,2012,Other Christian,Barack Obama
NA,NA,4,2,2,1,2,4,1,4,3,4,3,2,5,2012,Other Religion,Mitt Romney
NA,NA,2,2,2,1,1,6,2,4,3,4,3,2,4,2012,Evangelical,Barack Obama
NA,NA,4,2,2,2,1,7,4,2,3,3,4,2,2,2012,Mainline,Mitt Romney
NA,NA,2,2,2,2,1,4,3,6,3,3,4,2,4,2012,Mainline,Mitt Romney
NA,NA,4,2,2,1,2,4,4,6,2,4,4,2,2,2012,Mainline,Mitt Romney
NA,NA,4,2,2,1,1,6,2,4,3,4,2,3,2,2012,Mainline,Mitt Romney
NA,NA,5,NA,NA,NA,NA,NA,NA,NA,NA,NA,NA,NA,NA,2012,Catholic,NA
NA,NA,5,2,2,1,1,6,1,4,1,2,2,2,2,2012,Mainline,Other
NA,NA,4,2,2,1,1,4,4,4,2,4,4,2,2,2012,Not Religious,NA
NA,NA,5,2,2,2,1,7,4,1,3,4,5,3,3,2012,Not Religious,NA
NA,NA,4,2,1,1,1,7,1,4,2,2,4,2,4,2012,Not Religious,NA
NA,NA,2,2,1,1,1,7,1,5,1,4,4,1,4,2012,Mainline,Mitt Romney
NA,NA,1,2,1,1,1,6,4,2,3,4,4,4,4,2012,Other Christian,NA
NA,NA,5,1,2,1,2,7,6,4,3,4,4,1,4,2012,Not Religious,NA
NA,NA,1,2,2,1,2,4,4,1,4,4,4,3,2,2012,Other Religion,NA
NA,NA,4,1,1,2,1,4,4,4,3,4,4,2,6,2012,Not Religious,NA
NA,NA,5,2,2,2,2,6,6,6,3,3,2,2,6,2012,Not Religious,NA
NA,NA,2,1,1,2,2,7,4,1,4,3,3,2,2,2012,Catholic,Barack Obama
NA,NA,1,2,2,1,2,6,4,1,5,5,4,4,2,2012,Other Christian,Barack Obama
NA,NA,5,2,2,1,1,7,1,1,3,4,2,2,2,2012,Other Religion,Barack Obama
NA,NA,5,2,2,2,1,6,2,4,2,4,4,3,3,2012,Evangelical,Mitt Romney
NA,NA,4,2,2,1,2,7,1,6,2,2,4,2,3,2012,Other Christian,Mitt Romney
NA,NA,2,2,2,1,2,6,1,1,4,5,5,2,2,2012,Evangelical,Barack Obama
NA,NA,5,2,2,1,2,7,2,4,3,4,4,2,2,2012,Catholic,Mitt Romney
NA,NA,2,2,1,2,1,7,1,4,4,4,4,3,1,2012,Other Religion,Barack Obama
NA,NA,4,2,2,1,1,4,1,6,3,5,4,2,1,2012,Catholic,Mitt Romney
NA,NA,2,2,1,1,1,6,4,4,3,4,4,2,4,2012,Catholic,NA
NA,NA,5,2,2,2,2,6,1,4,3,4,4,2,3,2012,Mainline,Barack Obama
NA,NA,5,2,2,1,2,4,2,4,1,4,4,2,6,2012,Mainline,NA
NA,NA,4,2,2,1,2,4,4,4,2,3,4,3,4,2012,Evangelical,Other
NA,NA,4,NA,NA,NA,NA,NA,NA,NA,NA,NA,NA,NA,NA,2012,Catholic,NA
NA,NA,4,2,1,1,1,4,4,2,2,3,4,2,2,2012,Other Religion,NA
NA,NA,2,1,2,2,1,5,4,4,3,4,4,2,3,2012,Mainline,Barack Obama
NA,NA,4,2,2,1,1,6,1,2,3,4,4,3,2,2012,Catholic,NA
NA,NA,1,1,1,2,1,4,4,4,3,4,4,2,4,2012,Not Religious,Other
NA,NA,1,2,2,1,2,4,7,4,2,4,3,2,2,2012,Other Christian,Mitt Romney
NA,NA,4,2,2,2,1,4,4,4,2,5,4,2,2,2012,Catholic,Mitt Romney
NA,NA,2,2,2,2,1,6,4,4,3,4,4,2,2,2012,Mainline,Barack Obama
NA,NA,2,1,1,2,2,6,4,4,2,4,4,2,4,2012,Not Religious,NA
NA,NA,4,2,2,1,1,7,1,2,3,2,2,3,3,2012,Evangelical,NA
NA,NA,2,2,1,1,1,5,1,4,2,4,2,2,4,2012,Evangelical,Mitt Romney
NA,NA,2,1,2,2,2,5,4,5,1,5,3,1,4,2012,Not Religious,Barack Obama
NA,NA,2,1,1,2,1,6,2,4,2,2,2,2,3,2012,Not Religious,Mitt Romney
NA,NA,4,2,2,1,2,6,4,4,3,4,4,2,4,2012,Not Religious,Mitt Romney
NA,NA,4,NA,NA,NA,NA,NA,NA,NA,NA,NA,NA,NA,NA,2012,Catholic,NA
NA,NA,4,NA,NA,NA,NA,NA,NA,NA,NA,NA,NA,NA,NA,2012,Mainline,NA
NA,NA,1,2,2,1,1,7,1,1,4,4,5,2,2,2012,Not Religious,NA
NA,NA,4,1,1,2,1,4,4,4,2,4,5,2,3,2012,Not Religious,Barack Obama
NA,NA,4,1,1,2,2,6,4,4,2,2,2,2,4,2012,Not Religious,Other
NA,NA,5,2,2,1,2,4,2,4,3,4,3,4,2,2012,Evangelical,Mitt Romney
NA,NA,2,1,2,2,2,6,1,3,3,5,4,3,3,2012,Evangelical,Mitt Romney
NA,NA,2,2,2,2,1,6,3,4,2,4,4,2,4,2012,Other Christian,NA
NA,NA,2,2,2,1,1,4,4,1,4,4,3,3,2,2012,Evangelical,Mitt Romney
NA,NA,4,NA,NA,NA,NA,NA,NA,NA,NA,NA,NA,NA,NA,2012,Catholic,NA
NA,NA,2,2,2,1,1,6,2,1,3,4,4,2,1,2012,Other Christian,NA
NA,NA,2,2,2,2,1,6,4,4,3,5,4,2,3,2012,Not Religious,Barack Obama
NA,NA,4,2,2,1,1,5,4,2,3,3,3,3,2,2012,Catholic,Barack Obama
NA,NA,4,2,2,1,2,7,1,NA,2,4,4,2,2,2012,Evangelical,Mitt Romney
NA,NA,2,2,2,2,1,6,4,1,5,5,4,4,1,2012,Not Religious,Barack Obama
NA,NA,2,1,2,2,1,6,3,5,2,4,4,2,4,2012,Not Religious,Mitt Romney
NA,NA,2,2,2,1,2,6,4,4,2,4,4,2,3,2012,Catholic,Mitt Romney
NA,NA,2,2,2,1,1,6,4,4,3,5,4,2,4,2012,Not Religious,Barack Obama
NA,NA,2,2,2,1,2,6,4,2,5,3,2,4,4,2012,Not Religious,Barack Obama
NA,NA,4,NA,NA,NA,NA,NA,NA,NA,NA,NA,NA,NA,NA,2012,Evangelical,NA
NA,NA,4,2,2,1,1,6,2,6,1,2,2,1,4,2012,Evangelical,Mitt Romney
NA,NA,2,1,1,1,2,6,1,4,3,4,2,2,2,2012,Other Christian,NA
NA,NA,2,2,2,1,2,7,1,2,3,4,4,2,4,2012,Not Religious,NA
NA,NA,4,2,2,1,1,7,1,6,2,4,2,2,4,2012,Other Christian,Mitt Romney
NA,NA,2,2,2,2,1,4,4,4,3,4,3,2,3,2012,Evangelical,Barack Obama
NA,NA,4,2,2,2,1,6,4,4,2,4,5,3,1,2012,Not Religious,Other
NA,NA,4,2,2,1,2,7,1,5,1,4,2,2,4,2012,Other Christian,NA
NA,NA,2,2,2,1,1,5,4,4,2,4,1,1,4,2012,Catholic,Barack Obama
NA,NA,4,1,2,2,1,4,4,4,5,1,1,5,4,2012,Jewish,Mitt Romney
NA,NA,5,2,2,1,1,6,2,4,3,4,4,2,1,2012,NA,Mitt Romney
NA,NA,2,2,2,1,1,4,4,2,4,4,3,2,1,2012,Other Christian,Barack Obama
NA,NA,2,2,2,1,2,4,4,4,2,3,3,2,4,2012,Not Religious,NA
NA,NA,5,2,2,2,1,6,2,2,3,4,4,2,6,2012,Mainline,Barack Obama
NA,NA,4,2,2,1,1,6,2,2,3,4,4,3,2,2012,Catholic,Barack Obama
NA,NA,2,2,2,2,2,4,3,4,3,3,3,2,2,2012,Not Religious,Barack Obama
NA,NA,2,2,2,1,1,6,2,6,2,4,4,2,6,2012,Evangelical,Mitt Romney
NA,NA,2,2,2,1,2,4,4,4,4,5,3,3,1,2012,Catholic,Barack Obama
NA,NA,2,2,2,2,2,4,1,2,3,4,4,3,2,2012,Catholic,Mitt Romney
NA,NA,5,2,2,1,1,4,4,2,3,4,4,3,2,2012,Catholic,Mitt Romney
NA,NA,4,2,1,1,1,5,3,7,1,4,4,2,4,2012,Catholic,Mitt Romney
NA,NA,4,2,2,1,2,7,1,1,3,2,4,3,2,2012,Evangelical,Mitt Romney
NA,NA,2,2,2,1,1,4,4,4,3,4,4,2,2,2012,Evangelical,NA
NA,NA,5,2,2,1,2,5,4,1,4,2,4,2,4,2012,Catholic,Barack Obama
NA,NA,4,2,2,1,2,7,2,4,2,4,2,2,3,2012,Evangelical,Mitt Romney
NA,NA,2,2,2,1,2,4,1,1,2,5,4,2,2,2012,Evangelical,Barack Obama
NA,NA,4,2,2,2,1,5,4,4,2,4,5,2,3,2012,Not Religious,Barack Obama
NA,NA,4,2,2,1,1,6,2,2,3,4,4,2,3,2012,Not Religious,NA
NA,NA,4,2,2,2,1,6,2,2,3,4,4,2,2,2012,Catholic,Mitt Romney
NA,NA,4,2,2,1,2,4,4,4,3,5,3,1,2,2012,Other Christian,Mitt Romney
NA,NA,2,2,1,1,1,6,1,6,2,4,4,2,4,2012,Catholic,Mitt Romney
NA,NA,2,2,2,2,1,4,4,4,2,3,2,2,2,2012,Other Christian,NA
NA,NA,2,1,1,2,1,7,1,2,3,4,4,2,2,2012,Mainline,Barack Obama
NA,NA,1,2,2,1,1,6,1,4,1,4,1,2,1,2012,Catholic,Barack Obama
NA,NA,4,NA,NA,NA,NA,NA,NA,NA,NA,NA,NA,NA,NA,2012,Catholic,NA
NA,NA,4,2,2,1,1,4,4,4,3,4,4,3,1,2012,Catholic,NA
NA,NA,4,2,2,2,1,4,4,4,3,4,4,2,2,2012,Catholic,NA
NA,NA,2,2,2,1,2,6,2,2,4,3,3,3,1,2012,Other Christian,Barack Obama
NA,NA,4,2,2,1,2,6,2,2,2,2,2,3,1,2012,Evangelical,Barack Obama
NA,NA,2,1,2,2,1,6,4,4,2,4,4,2,2,2012,Mainline,Mitt Romney
NA,NA,4,2,2,1,2,4,4,4,3,4,5,2,2,2012,Mainline,Barack Obama
NA,NA,4,2,2,1,1,5,3,3,4,4,4,3,3,2012,Evangelical,Barack Obama
NA,NA,2,2,2,1,2,4,2,7,1,2,2,2,4,2012,Evangelical,NA
NA,NA,2,1,2,2,1,4,4,4,3,4,3,2,4,2012,Mainline,Mitt Romney
NA,NA,4,2,2,1,2,4,1,1,3,4,4,2,1,2012,Catholic,NA
NA,NA,5,2,2,2,2,6,1,5,2,3,3,2,3,2012,Not Religious,Mitt Romney
NA,NA,2,1,1,2,1,4,4,2,4,4,4,2,2,2012,Mainline,Barack Obama
NA,NA,2,1,2,1,2,4,4,7,2,3,3,2,4,2012,Evangelical,Mitt Romney
NA,NA,4,2,1,2,1,5,4,4,3,4,3,2,2,2012,Catholic,Barack Obama
NA,NA,4,2,2,1,2,5,3,6,1,3,4,1,4,2012,Catholic,Mitt Romney
NA,NA,4,2,2,1,1,6,2,4,1,4,4,1,4,2012,Catholic,Mitt Romney
NA,NA,4,2,2,2,1,6,4,4,2,4,3,3,2,2012,Not Religious,NA
NA,NA,2,1,2,1,1,6,4,2,2,4,2,2,4,2012,Evangelical,NA
NA,NA,2,1,1,2,1,4,4,4,2,4,4,2,3,2012,Mainline,Mitt Romney
NA,NA,2,2,2,1,2,4,4,1,5,2,2,1,2,2012,Evangelical,Barack Obama
NA,NA,5,2,2,1,2,6,6,2,3,4,4,2,6,2012,Evangelical,NA
NA,NA,1,2,2,2,2,4,4,4,2,3,3,3,2,2012,Mainline,Barack Obama
NA,NA,4,2,2,1,1,5,3,4,2,4,4,2,4,2012,Evangelical,NA
NA,NA,2,2,2,1,2,4,4,4,2,3,5,2,4,2012,Other Christian,Barack Obama
NA,NA,5,2,2,1,1,7,4,4,3,5,4,2,3,2012,Evangelical,Mitt Romney
NA,NA,2,2,2,1,2,6,1,4,3,4,3,2,2,2012,Catholic,Barack Obama
NA,NA,2,1,1,2,1,4,4,2,3,5,5,2,3,2012,Mainline,Barack Obama
NA,NA,4,1,1,2,1,6,2,1,4,5,5,4,1,2012,Other Religion,Barack Obama
NA,NA,4,2,2,1,2,7,1,1,1,2,5,1,4,2012,Catholic,Barack Obama
NA,NA,2,2,2,2,1,6,4,6,4,5,5,3,1,2012,Catholic,Barack Obama
NA,NA,2,NA,NA,NA,NA,NA,NA,NA,NA,NA,NA,NA,NA,2012,Catholic,NA
NA,NA,4,2,2,1,1,6,1,4,2,4,4,3,2,2012,Catholic,NA
NA,NA,2,2,2,2,1,6,3,4,2,4,4,2,3,2012,Not Religious,NA
NA,NA,4,2,2,1,2,6,4,4,3,3,3,2,4,2012,Not Religious,NA
NA,NA,2,1,1,2,1,4,2,4,3,4,4,2,3,2012,Other Christian,Barack Obama
NA,NA,2,1,1,2,1,4,4,4,2,4,4,2,4,2012,Catholic,Barack Obama
NA,NA,2,2,2,1,1,5,1,4,2,5,4,2,3,2012,Other Religion,Mitt Romney
NA,NA,4,NA,NA,NA,NA,NA,NA,NA,NA,NA,NA,NA,NA,2012,Other Religion,NA
NA,NA,2,2,2,1,2,5,1,2,3,4,4,3,2,2012,Other Christian,Barack Obama
NA,NA,2,2,2,1,1,4,2,4,2,5,4,2,2,2012,Evangelical,Barack Obama
NA,NA,4,2,2,2,1,4,4,5,1,3,4,2,4,2012,Catholic,NA
NA,NA,5,2,2,2,1,4,4,1,5,4,1,5,1,2012,Not Religious,NA
NA,NA,2,2,2,1,1,4,1,4,4,4,4,2,1,2012,Evangelical,Mitt Romney
NA,NA,4,2,2,2,1,4,4,4,2,4,4,2,4,2012,Jewish,Mitt Romney
NA,NA,2,2,2,1,2,7,1,6,2,4,4,2,4,2012,Catholic,NA
NA,NA,4,2,1,1,2,6,1,1,2,4,4,2,2,2012,Mainline,Mitt Romney
NA,NA,2,2,2,2,2,6,4,4,3,4,3,3,4,2012,NA,NA
NA,NA,4,2,2,1,1,6,4,4,2,4,4,3,2,2012,Mainline,Mitt Romney
NA,NA,2,2,2,1,1,4,4,4,3,4,4,2,4,2012,Jewish,Barack Obama
NA,NA,2,2,2,1,1,7,1,4,2,4,3,2,4,2012,Other Christian,Barack Obama
NA,NA,4,2,2,1,2,7,1,7,1,2,1,1,4,2012,Evangelical,NA
NA,NA,2,2,1,1,1,4,1,1,1,4,4,2,4,2012,Catholic,Mitt Romney
NA,NA,2,2,2,1,2,4,2,7,1,1,1,1,4,2012,Catholic,Mitt Romney
NA,NA,2,2,2,1,2,4,4,2,3,5,4,3,4,2012,Other Christian,Barack Obama
NA,NA,4,2,2,2,1,7,1,6,2,4,3,2,4,2012,Mainline,NA
NA,NA,2,2,1,2,1,4,4,4,2,4,4,2,4,2012,Other Christian,Mitt Romney
NA,NA,4,2,2,1,1,4,4,2,3,4,4,2,2,2012,Evangelical,Mitt Romney
NA,NA,4,2,1,1,2,6,4,4,3,3,3,4,4,2012,Not Religious,NA
NA,NA,5,2,2,1,2,6,6,7,3,4,4,3,6,2012,Not Religious,NA
NA,NA,2,2,2,2,2,1,4,1,2,2,2,2,4,2012,Other Religion,Barack Obama
NA,NA,2,2,2,1,2,6,2,4,3,4,2,2,1,2012,Evangelical,Mitt Romney
NA,NA,4,1,2,2,2,4,4,4,3,5,4,3,2,2012,Not Religious,Barack Obama
NA,NA,1,2,2,2,1,4,4,4,2,2,3,2,4,2012,Other Religion,Mitt Romney
NA,NA,2,2,2,1,1,7,4,4,2,4,4,3,2,2012,Other Christian,Mitt Romney
NA,NA,2,2,1,2,1,4,3,4,3,4,4,2,3,2012,Not Religious,NA
NA,NA,2,2,1,2,2,4,4,4,2,4,4,2,3,2012,Catholic,NA
NA,NA,5,2,2,1,1,7,2,2,3,4,5,2,2,2012,Catholic,Barack Obama
NA,NA,4,2,2,2,2,5,2,5,2,4,3,2,3,2012,Not Religious,Mitt Romney
NA,NA,4,1,1,1,2,6,2,7,1,1,1,1,4,2012,Not Religious,Mitt Romney
NA,NA,NA,2,2,1,1,6,1,4,2,4,4,2,3,2012,Other Religion,NA
NA,NA,4,2,2,1,1,7,1,4,2,4,2,2,4,2012,Evangelical,Mitt Romney
NA,NA,5,2,1,1,1,7,2,4,2,4,4,2,3,2012,Other Christian,Mitt Romney
NA,NA,2,1,2,2,1,5,1,4,2,2,2,2,4,2012,Catholic,Mitt Romney
NA,NA,2,2,2,1,1,5,4,2,2,4,4,2,3,2012,Mainline,Barack Obama
NA,NA,4,2,2,1,2,6,1,4,2,3,3,2,4,2012,Not Religious,NA
NA,NA,4,2,2,1,2,7,1,1,5,3,4,2,1,2012,Catholic,Barack Obama
NA,NA,2,1,1,2,1,4,4,2,4,5,5,2,1,2012,Not Religious,NA
NA,NA,2,1,2,1,1,4,1,4,3,4,4,2,3,2012,Catholic,Barack Obama
NA,NA,4,2,2,2,1,6,2,4,2,4,5,2,4,2012,Catholic,Mitt Romney
NA,NA,2,2,2,1,1,5,4,1,4,5,4,4,1,2012,Evangelical,Barack Obama
NA,NA,2,2,2,1,1,7,1,5,2,2,2,2,4,2012,Other Christian,Other
NA,NA,1,2,2,1,2,6,1,2,2,5,4,2,4,2012,Evangelical,Barack Obama
NA,NA,2,2,2,1,1,5,4,7,2,2,2,2,4,2012,Catholic,NA
NA,NA,2,2,1,1,2,4,1,6,2,4,4,2,3,2012,Catholic,NA
NA,NA,2,2,2,2,1,3,5,6,2,4,4,3,1,2012,Not Religious,Mitt Romney
NA,NA,4,2,2,1,2,4,4,4,4,4,3,4,1,2012,Mainline,NA
NA,NA,4,2,NA,1,1,4,4,4,2,4,3,2,3,2012,Mainline,NA
NA,NA,5,1,1,2,1,5,4,2,3,4,4,2,1,2012,Mainline,Other
NA,NA,2,2,1,2,1,6,4,4,3,4,4,2,2,2012,Catholic,Barack Obama
NA,NA,2,1,2,2,1,6,1,7,3,4,4,2,6,2012,Mainline,NA
NA,NA,4,1,2,1,1,6,3,4,3,5,4,2,2,2012,Not Religious,Barack Obama
NA,NA,2,2,2,1,2,6,1,4,2,2,1,1,4,2012,Other Religion,Other
NA,NA,1,2,2,1,2,6,4,2,2,5,4,2,4,2012,Evangelical,Barack Obama
NA,NA,2,2,2,1,2,4,6,4,2,4,2,4,2,2012,Mainline,Mitt Romney
NA,NA,2,2,2,1,1,5,2,7,1,2,3,2,4,2012,Catholic,NA
NA,NA,4,2,1,1,2,4,1,4,3,4,4,2,4,2012,Mainline,Mitt Romney
NA,NA,5,2,2,1,2,6,4,2,5,2,3,3,4,2012,Other Christian,NA
NA,NA,4,NA,NA,NA,NA,NA,NA,NA,NA,NA,NA,NA,NA,2012,Mainline,NA
NA,NA,2,2,2,2,1,4,1,2,3,4,4,3,3,2012,Evangelical,Barack Obama
NA,NA,2,2,1,1,2,6,1,4,2,4,4,3,3,2012,Not Religious,Barack Obama
NA,NA,2,1,1,2,1,6,1,4,2,4,4,2,2,2012,Not Religious,Barack Obama
NA,NA,4,2,2,2,2,6,4,4,3,3,3,3,6,2012,Other Christian,Barack Obama
NA,NA,2,2,2,2,2,4,4,4,3,4,4,2,1,2012,Other Christian,Barack Obama
NA,NA,2,2,2,1,2,6,4,4,2,5,5,2,4,2012,Other Religion,NA
NA,NA,2,2,2,1,1,6,2,4,3,4,3,2,4,2012,Other Christian,Mitt Romney
NA,NA,2,2,2,2,1,6,4,4,3,5,4,2,3,2012,Catholic,Barack Obama
NA,NA,4,2,2,1,2,7,1,2,4,4,4,2,1,2012,Not Religious,Mitt Romney
NA,NA,4,2,2,1,2,4,4,4,3,3,3,3,4,2012,Not Religious,Barack Obama
NA,NA,4,2,2,1,2,5,2,7,1,4,2,1,4,2012,Catholic,Mitt Romney
NA,NA,2,2,2,1,2,7,1,4,3,3,3,2,2,2012,Mainline,NA
NA,NA,4,2,2,2,2,4,4,4,5,1,1,5,4,2012,Not Religious,NA
NA,NA,1,2,2,2,1,4,4,4,2,4,2,2,4,2012,Catholic,NA
NA,NA,2,1,1,2,1,6,6,2,3,5,4,2,3,2012,Mainline,Barack Obama
NA,NA,2,2,1,2,2,6,2,6,2,4,4,2,4,2012,Other Christian,Mitt Romney
NA,NA,4,2,2,1,1,4,2,2,3,3,4,4,1,2012,Mainline,Mitt Romney
NA,NA,4,2,2,1,1,7,1,4,3,3,3,2,3,2012,Other Christian,Mitt Romney
NA,NA,2,2,1,2,2,6,4,4,2,2,3,2,4,2012,Catholic,Barack Obama
NA,NA,2,2,2,1,1,4,4,2,3,5,4,2,2,2012,Catholic,Barack Obama
NA,NA,4,2,2,1,1,4,2,4,3,3,4,2,2,2012,Other Christian,Mitt Romney
NA,NA,4,2,2,1,1,6,4,1,4,4,2,4,1,2012,Not Religious,NA
NA,NA,2,2,2,1,2,4,4,4,2,3,4,3,3,2012,Mainline,NA
NA,NA,2,2,2,1,1,6,2,4,2,5,4,2,3,2012,Evangelical,Mitt Romney
NA,NA,2,2,2,1,2,4,4,4,2,4,4,2,3,2012,Mainline,Barack Obama
NA,NA,2,2,2,2,1,6,1,4,3,3,4,2,2,2012,Catholic,Barack Obama
NA,NA,4,2,2,2,1,4,4,4,3,4,4,2,2,2012,Not Religious,Mitt Romney
NA,NA,2,2,2,1,1,7,1,4,2,4,4,2,3,2012,Other Religion,Barack Obama
NA,NA,4,2,2,1,1,6,1,4,2,3,3,2,2,2012,Not Religious,NA
NA,NA,4,NA,NA,NA,NA,NA,NA,NA,NA,NA,NA,NA,NA,2012,Not Religious,NA
NA,NA,5,1,1,2,1,6,4,2,5,4,4,2,1,2012,Not Religious,Barack Obama
NA,NA,2,2,2,1,1,6,4,4,3,4,5,3,2,2012,Other Religion,Mitt Romney
NA,NA,4,2,1,1,1,6,4,4,1,2,2,2,6,2012,Not Religious,NA
NA,NA,2,NA,NA,NA,NA,NA,NA,NA,NA,NA,NA,NA,NA,2012,Catholic,NA
NA,NA,5,2,1,2,1,6,2,4,3,4,3,3,2,2012,Not Religious,NA
NA,NA,4,2,2,1,1,4,2,4,3,4,3,2,2,2012,Mainline,NA
NA,NA,4,1,1,2,2,5,4,4,4,4,5,2,1,2012,Not Religious,Barack Obama
NA,NA,4,2,2,1,2,5,4,3,4,4,4,2,3,2012,Other Christian,Barack Obama
NA,NA,2,1,1,1,1,5,4,4,2,4,4,2,3,2012,Not Religious,NA
NA,NA,4,2,2,1,1,4,2,2,2,4,4,2,1,2012,Other Christian,NA
NA,NA,5,1,1,2,1,6,4,1,5,5,4,4,1,2012,Mainline,NA
NA,NA,1,1,2,1,1,1,5,7,3,4,2,2,5,2012,Not Religious,Barack Obama
NA,NA,5,2,2,1,2,4,2,7,2,2,2,2,4,2012,Mainline,Mitt Romney
NA,NA,4,NA,NA,NA,NA,NA,NA,NA,NA,NA,NA,NA,NA,2012,NA,NA
NA,NA,5,1,1,2,1,4,3,2,2,5,4,2,2,2012,Catholic,Barack Obama
NA,NA,4,2,2,1,2,6,4,4,3,4,4,2,4,2012,Evangelical,Barack Obama
NA,NA,2,2,2,1,1,4,1,1,3,5,2,4,2,2012,Other Christian,Barack Obama
NA,NA,5,NA,NA,NA,NA,NA,NA,NA,NA,NA,NA,NA,NA,2012,Not Religious,NA
NA,NA,2,1,1,2,1,5,6,4,3,4,3,2,1,2012,Other Christian,Barack Obama
NA,NA,1,1,1,2,1,4,2,4,3,4,4,2,2,2012,Black Protestant,Barack Obama
NA,NA,4,2,1,2,1,4,4,4,2,4,4,2,4,2012,Evangelical,Mitt Romney
NA,NA,5,2,1,1,1,7,1,6,2,4,4,2,5,2012,Other Christian,Mitt Romney
NA,NA,4,1,2,2,2,4,4,4,2,3,4,2,4,2012,Evangelical,Mitt Romney
NA,NA,2,2,2,1,2,6,6,6,2,4,3,4,4,2012,Not Religious,NA
NA,NA,1,2,2,2,2,4,4,1,5,5,5,2,2,2012,Evangelical,Barack Obama
NA,NA,2,2,2,1,1,6,1,4,NA,NA,4,2,2,2012,Other Christian,NA
NA,NA,4,2,1,1,1,6,2,6,2,2,3,2,4,2012,Mainline,Mitt Romney
NA,NA,2,NA,NA,NA,NA,NA,NA,NA,NA,NA,NA,NA,NA,2012,Not Religious,NA
NA,NA,4,2,1,2,1,6,2,4,3,4,4,2,4,2012,Other Christian,NA
NA,NA,4,2,2,1,2,4,1,4,2,5,4,2,1,2012,Evangelical,Mitt Romney
NA,NA,5,NA,NA,NA,NA,NA,NA,NA,NA,NA,NA,NA,NA,2012,Not Religious,NA
NA,NA,2,1,1,2,1,4,7,2,4,5,5,2,2,2012,Catholic,Barack Obama
NA,NA,4,2,2,1,2,6,5,4,2,4,4,2,3,2012,Evangelical,NA
NA,NA,2,2,2,1,2,4,1,1,3,5,5,2,1,2012,Catholic,Barack Obama
NA,NA,2,1,1,2,1,4,NA,1,4,5,3,3,NA,2012,Catholic,Barack Obama
NA,NA,2,2,2,1,1,6,4,1,4,5,5,4,1,2012,Not Religious,Barack Obama
NA,NA,2,1,2,2,1,6,2,4,3,3,2,2,4,2012,Not Religious,Barack Obama
NA,NA,4,2,2,1,1,7,1,4,2,4,4,2,4,2012,Evangelical,Mitt Romney
NA,NA,4,1,1,2,1,4,4,1,5,4,4,2,1,2012,Catholic,Other
NA,NA,2,1,1,2,1,5,2,1,5,5,3,3,2,2012,Not Religious,Barack Obama
NA,NA,4,2,2,1,1,7,1,4,2,4,3,2,2,2012,Catholic,Mitt Romney
NA,NA,4,2,2,2,2,4,2,4,2,5,4,2,3,2012,Evangelical,Mitt Romney
NA,NA,2,2,2,1,2,4,1,2,2,5,4,3,2,2012,Evangelical,Barack Obama
NA,NA,2,2,1,2,1,6,2,4,3,4,4,2,3,2012,Jewish,NA
NA,NA,2,NA,NA,NA,NA,NA,NA,NA,NA,NA,NA,NA,NA,2012,Catholic,NA
NA,NA,4,2,2,1,1,6,2,4,3,4,4,3,3,2012,Mainline,NA
NA,NA,4,1,2,1,1,4,4,4,3,4,2,3,4,2012,Mainline,Mitt Romney
NA,NA,2,2,2,2,2,7,1,4,2,3,3,2,4,2012,Catholic,Barack Obama
NA,NA,4,1,1,2,1,4,4,1,3,4,4,3,2,2012,Mainline,Other
NA,NA,2,2,2,1,1,6,2,7,1,4,4,2,4,2012,Other Christian,Mitt Romney
NA,NA,2,2,2,2,1,6,4,4,3,4,5,2,2,2012,Not Religious,Barack Obama
NA,NA,2,2,1,2,1,7,4,2,3,5,3,4,1,2012,Not Religious,NA
NA,NA,4,1,1,1,1,5,4,3,4,4,4,3,2,2012,Other Christian,Barack Obama
NA,NA,4,2,2,2,1,4,3,4,2,4,3,2,3,2012,Other Christian,Mitt Romney
NA,NA,4,2,2,1,1,7,1,6,2,4,2,2,4,2012,Mainline,Mitt Romney
NA,NA,4,2,2,1,2,6,2,4,3,3,3,3,4,2012,Not Religious,NA
NA,NA,2,2,2,2,1,4,3,4,3,4,4,2,2,2012,Other Christian,Mitt Romney
NA,NA,5,2,2,1,2,7,4,1,3,3,3,4,1,2012,Other Christian,Barack Obama
NA,NA,4,2,2,2,1,7,4,4,2,2,2,2,3,2012,Catholic,Mitt Romney
NA,NA,2,2,1,1,1,6,4,4,2,3,3,1,4,2012,Other Christian,Other
NA,NA,5,2,2,1,2,7,1,4,5,4,1,1,4,2012,Evangelical,NA
NA,NA,4,2,2,2,2,4,4,4,3,4,5,4,1,2012,Not Religious,Other
NA,NA,4,2,2,1,1,4,5,4,2,4,4,2,4,2012,Other Christian,Mitt Romney
NA,NA,4,NA,NA,NA,NA,NA,NA,NA,NA,NA,NA,NA,NA,2012,Catholic,NA
NA,NA,2,1,1,2,1,4,4,2,3,3,4,2,4,2012,Mainline,Mitt Romney
NA,NA,5,1,1,2,1,7,1,2,3,4,4,2,1,2012,Other Religion,NA
NA,NA,2,2,2,1,2,4,2,4,3,4,4,2,2,2012,Evangelical,Barack Obama
NA,NA,5,2,2,1,2,7,7,1,4,3,3,3,1,2012,Evangelical,Barack Obama
NA,NA,2,1,2,1,2,7,4,4,4,5,5,2,3,2012,Black Protestant,NA
NA,NA,5,2,2,1,1,7,1,2,4,3,2,2,1,2012,Mainline,Barack Obama
NA,NA,2,2,2,2,1,6,2,1,3,3,4,3,4,2012,Catholic,Barack Obama
NA,NA,2,2,1,2,1,6,4,6,3,5,4,2,2,2012,Other Christian,NA
NA,NA,4,2,1,2,1,4,4,4,3,4,4,2,3,2012,Other Christian,NA
NA,NA,2,2,2,1,2,6,2,2,2,4,4,2,2,2012,Not Religious,Mitt Romney
NA,NA,5,2,2,2,1,5,4,4,2,2,2,2,6,2012,Not Religious,NA
NA,NA,2,1,2,1,2,4,4,4,2,3,5,2,4,2012,Not Religious,Barack Obama
NA,NA,4,2,2,1,1,7,1,2,2,2,4,2,4,2012,Evangelical,Mitt Romney
NA,NA,4,2,2,1,2,4,4,4,2,4,3,2,4,2012,Catholic,Barack Obama
NA,NA,2,2,2,1,2,6,1,4,2,4,4,2,2,2012,Catholic,Barack Obama
NA,NA,4,2,2,2,1,4,4,4,2,4,4,2,3,2012,Evangelical,Mitt Romney
NA,NA,2,2,2,1,1,7,2,5,2,4,2,2,4,2012,Other Christian,Barack Obama
NA,NA,4,2,2,1,2,6,4,4,3,3,3,3,4,2012,Not Religious,NA
NA,NA,5,1,1,2,2,6,4,1,4,5,5,2,2,2012,Not Religious,Barack Obama
NA,NA,5,2,2,1,2,4,4,1,4,3,4,2,1,2012,Evangelical,NA
NA,NA,4,2,1,2,1,4,4,4,1,4,4,2,4,2012,Jewish,NA
NA,NA,4,1,2,2,1,7,4,4,2,4,3,2,4,2012,Not Religious,Barack Obama
NA,NA,2,2,2,1,1,4,4,3,2,5,4,2,2,2012,Jewish,NA
NA,NA,4,2,1,2,1,4,6,5,2,4,3,4,5,2012,Jewish,Barack Obama
NA,NA,2,1,1,2,1,5,4,4,2,5,5,2,3,2012,Not Religious,Barack Obama
NA,NA,2,1,1,2,1,4,2,2,4,5,5,4,1,2012,Not Religious,Barack Obama
NA,NA,2,2,2,1,2,4,4,4,4,4,3,2,2,2012,Evangelical,Barack Obama
NA,NA,4,2,2,1,2,6,1,4,2,3,4,3,2,2012,Mainline,Barack Obama
NA,NA,2,2,2,1,1,4,4,4,3,5,5,2,3,2012,Not Religious,Barack Obama
NA,NA,2,2,2,1,1,6,1,4,2,4,2,1,4,2012,Not Religious,Barack Obama
NA,NA,4,2,2,1,2,5,4,4,3,3,3,2,4,2012,Catholic,Barack Obama
NA,NA,2,2,2,1,1,6,4,2,3,4,5,2,3,2012,Other Christian,Barack Obama
NA,NA,1,2,2,1,2,1,4,6,1,4,4,1,4,2012,Other Christian,NA
NA,NA,4,2,2,1,1,6,2,7,1,4,4,2,4,2012,Evangelical,Mitt Romney
NA,NA,5,2,2,2,1,4,2,1,4,4,3,4,2,2012,Catholic,NA
NA,NA,2,2,2,1,2,6,4,5,2,4,4,2,2,2012,Other Religion,Barack Obama
NA,NA,2,NA,NA,NA,NA,NA,NA,NA,NA,NA,NA,NA,NA,2012,Catholic,NA
NA,NA,2,1,1,2,1,6,4,2,4,4,4,2,3,2012,Jewish,Barack Obama
NA,NA,2,1,2,2,1,4,4,4,3,5,4,1,4,2012,Catholic,Barack Obama
NA,NA,4,2,1,2,2,4,4,2,3,5,4,2,1,2012,Jewish,Barack Obama
NA,NA,5,2,2,1,1,7,1,6,1,4,4,2,4,2012,Evangelical,Mitt Romney
NA,NA,NA,NA,NA,NA,NA,NA,NA,NA,NA,NA,NA,NA,NA,2012,Evangelical,NA
NA,NA,2,1,2,2,2,4,4,2,3,4,4,4,2,2012,Not Religious,NA
NA,NA,4,2,1,1,1,6,4,1,5,5,1,4,2,2012,Catholic,Other
NA,NA,4,2,1,2,2,4,4,4,2,NA,4,1,4,2012,Mainline,NA
NA,NA,5,2,2,2,1,6,4,6,3,4,3,3,2,2012,Catholic,Mitt Romney
NA,NA,4,2,2,1,2,6,2,4,1,5,4,2,4,2012,Catholic,Mitt Romney
NA,NA,4,1,2,1,2,4,2,6,2,4,3,2,6,2012,Evangelical,NA
NA,NA,4,2,2,1,1,5,4,4,2,5,5,2,2,2012,Other Christian,NA
NA,NA,2,1,1,2,2,7,4,2,4,4,4,2,4,2012,Mainline,Barack Obama
NA,NA,NA,2,2,1,1,4,1,4,2,4,3,2,4,2012,Mainline,Mitt Romney
NA,NA,5,2,2,1,1,4,4,4,2,3,3,2,4,2012,Other Christian,Mitt Romney
NA,NA,2,2,1,1,2,4,1,4,3,2,4,2,2,2012,Evangelical,Mitt Romney
NA,NA,2,2,2,1,2,5,4,4,2,4,4,2,3,2012,Evangelical,Mitt Romney
NA,NA,5,2,2,1,2,7,1,1,3,4,1,5,3,2012,Black Protestant,Barack Obama
NA,NA,2,2,2,2,1,6,1,1,3,4,4,4,1,2012,Catholic,Other
NA,NA,5,NA,NA,NA,NA,NA,NA,NA,NA,NA,NA,NA,NA,2012,Evangelical,NA
NA,NA,4,2,2,1,2,5,2,2,3,5,4,3,1,2012,Not Religious,Barack Obama
NA,NA,2,2,1,1,1,4,4,3,4,4,4,4,1,2012,Not Religious,NA
NA,NA,4,2,1,1,1,7,1,7,1,1,1,1,4,2012,Catholic,Mitt Romney
NA,NA,4,2,2,1,2,6,4,6,3,3,3,3,6,2012,Other Christian,Barack Obama
NA,NA,5,2,2,2,1,4,2,5,1,1,1,2,4,2012,Catholic,Mitt Romney
NA,NA,4,2,1,1,1,4,2,6,2,4,4,2,2,2012,Evangelical,Mitt Romney
NA,NA,2,2,1,2,1,6,1,2,3,5,4,3,1,2012,Not Religious,Barack Obama
NA,NA,4,2,2,1,2,5,4,6,2,3,2,2,4,2012,Catholic,Mitt Romney
NA,NA,5,2,2,2,2,5,2,4,2,3,4,2,4,2012,Not Religious,NA
NA,NA,2,2,1,2,1,4,4,5,2,4,2,2,6,2012,Catholic,Barack Obama
NA,NA,2,2,2,1,1,4,4,4,2,4,4,2,3,2012,Catholic,Barack Obama
NA,NA,2,2,2,1,2,7,1,6,1,2,1,2,4,2012,Other Christian,Other
NA,NA,2,2,2,1,1,4,4,4,2,5,4,2,4,2012,Not Religious,NA
NA,NA,2,2,2,1,2,4,4,4,2,3,3,3,4,2012,Mainline,Mitt Romney
NA,NA,4,2,1,2,1,6,1,4,3,5,4,2,2,2012,Other Christian,Barack Obama
NA,NA,4,2,2,1,1,4,1,4,3,4,4,2,4,2012,Evangelical,Mitt Romney
NA,NA,4,1,1,2,1,6,4,4,3,4,4,2,2,2012,Not Religious,Barack Obama
NA,NA,2,1,1,2,1,4,4,4,2,5,5,2,6,2012,Not Religious,Barack Obama
NA,NA,2,2,1,1,1,4,4,2,3,4,4,2,4,2012,Evangelical,Other
NA,NA,2,2,1,2,1,4,6,1,4,5,4,2,1,2012,Jewish,Barack Obama
NA,NA,4,2,2,1,1,4,4,4,2,4,4,2,4,2012,Other Christian,Mitt Romney
NA,NA,4,2,2,1,1,6,2,1,4,4,4,2,1,2012,Catholic,Barack Obama
NA,NA,4,2,2,1,1,6,4,4,3,4,4,2,2,2012,Catholic,NA
NA,NA,2,2,1,2,1,4,4,4,3,5,4,2,3,2012,Other Religion,Barack Obama
NA,NA,2,1,1,2,2,4,4,4,2,4,4,2,4,2012,Jewish,Barack Obama
NA,NA,4,2,2,1,1,4,4,4,2,4,4,2,2,2012,Not Religious,NA
NA,NA,1,2,2,1,2,7,4,1,5,1,1,5,4,2012,Catholic,Barack Obama
NA,NA,2,NA,NA,NA,NA,NA,NA,NA,NA,NA,NA,NA,NA,2012,Not Religious,NA
NA,NA,4,2,2,1,1,4,1,7,1,5,4,1,7,2012,Other Religion,Mitt Romney
NA,NA,4,2,2,2,1,6,4,4,3,4,4,2,3,2012,Catholic,Mitt Romney
NA,NA,4,2,2,2,2,7,1,7,1,4,3,2,6,2012,Catholic,Mitt Romney
NA,NA,5,2,2,2,2,6,1,6,2,2,2,2,6,2012,Catholic,Mitt Romney
NA,NA,4,2,2,2,1,6,4,2,3,5,5,2,2,2012,Catholic,Barack Obama
NA,NA,1,2,1,1,2,4,4,4,3,5,4,2,3,2012,NA,NA
NA,NA,4,2,2,1,2,6,1,2,2,2,2,2,4,2012,Catholic,Barack Obama
NA,NA,4,1,2,2,1,6,6,6,3,4,4,2,3,2012,Catholic,NA
NA,NA,1,2,2,1,2,6,4,4,3,3,3,3,1,2012,Evangelical,Barack Obama
NA,NA,4,2,2,2,1,4,4,4,3,5,5,3,3,2012,Not Religious,Barack Obama
NA,NA,2,1,1,1,1,7,1,4,3,4,4,2,4,2012,Other Religion,Mitt Romney
NA,NA,1,1,2,2,2,6,3,2,4,1,3,5,5,2012,Evangelical,NA
NA,NA,4,NA,NA,NA,NA,NA,NA,NA,NA,NA,NA,NA,NA,2012,Evangelical,NA
NA,NA,4,NA,NA,NA,NA,NA,NA,NA,NA,NA,NA,NA,NA,2012,Not Religious,NA
NA,NA,4,2,1,2,2,4,4,4,2,5,5,1,4,2012,Not Religious,NA
NA,NA,2,2,2,1,1,6,1,3,2,4,4,2,4,2012,Not Religious,Barack Obama
NA,NA,2,1,2,2,1,4,4,4,3,4,4,3,3,2012,Other Christian,Barack Obama
NA,NA,2,1,1,2,1,6,4,4,2,3,4,2,4,2012,Evangelical,Mitt Romney
NA,NA,5,2,2,1,2,6,3,4,3,4,2,1,1,2012,Other Christian,NA
NA,NA,4,1,2,1,1,6,1,2,3,5,4,4,1,2012,Catholic,Barack Obama
NA,NA,2,2,2,2,1,4,4,4,2,4,5,2,4,2012,Other Christian,Barack Obama
NA,NA,4,2,2,2,1,5,4,4,2,3,3,2,3,2012,Catholic,NA
NA,NA,4,2,1,2,1,4,4,2,4,4,2,2,2,2012,Mainline,Barack Obama
NA,NA,2,2,2,2,1,4,2,6,2,4,2,2,4,2012,Not Religious,Barack Obama
NA,NA,2,2,2,1,2,7,1,4,2,1,4,3,4,2012,Evangelical,Barack Obama
NA,NA,2,NA,NA,NA,NA,NA,NA,NA,NA,NA,NA,NA,NA,2012,Not Religious,NA
NA,NA,2,2,2,1,2,4,4,4,3,3,3,3,2,2012,Not Religious,Barack Obama
NA,NA,2,2,1,1,2,7,1,1,4,4,4,4,1,2012,Catholic,Barack Obama
NA,NA,4,2,2,2,1,4,4,1,3,4,4,2,1,2012,Evangelical,Barack Obama
NA,NA,4,NA,NA,NA,NA,NA,NA,NA,NA,NA,NA,NA,NA,2012,Catholic,NA
NA,NA,4,2,2,1,2,7,4,4,2,4,3,2,4,2012,Evangelical,Mitt Romney
NA,NA,2,2,1,2,1,4,4,2,5,4,4,4,1,2012,Mainline,Barack Obama
NA,NA,4,2,2,1,1,4,3,4,2,2,4,2,3,2012,Other Religion,Mitt Romney
NA,NA,4,NA,NA,NA,NA,NA,NA,NA,NA,NA,NA,NA,NA,2012,Not Religious,NA
NA,NA,5,2,2,1,1,7,1,7,1,2,1,1,4,2012,Other Christian,Other
NA,NA,2,2,1,2,2,4,4,2,3,5,5,2,2,2012,Other Religion,Barack Obama
NA,NA,2,2,2,1,2,6,1,4,3,2,2,2,3,2012,Evangelical,Mitt Romney
NA,NA,4,2,2,1,1,7,1,2,4,3,4,4,2,2012,Other Christian,Barack Obama
NA,NA,1,2,1,2,1,4,4,4,2,3,3,3,2,2012,Evangelical,Barack Obama
NA,NA,4,1,2,2,2,7,1,1,5,4,5,4,1,2012,Not Religious,Barack Obama
NA,NA,2,2,2,1,1,4,4,4,2,4,4,2,2,2012,Evangelical,Barack Obama
NA,NA,4,2,2,2,1,6,2,6,2,2,2,2,5,2012,Not Religious,NA
NA,NA,2,2,2,1,2,5,3,4,2,3,2,2,3,2012,Other Religion,NA
NA,NA,2,2,1,2,1,6,4,4,3,5,5,2,2,2012,Not Religious,Barack Obama
NA,NA,4,2,2,1,2,4,2,4,2,4,4,2,4,2012,Evangelical,NA
NA,NA,2,2,1,1,2,6,2,2,3,4,4,2,2,2012,Not Religious,NA
NA,NA,1,2,1,1,1,7,4,4,4,5,4,2,1,2012,Evangelical,Mitt Romney
NA,NA,2,2,1,1,2,7,1,5,2,4,4,1,4,2012,Jewish,Mitt Romney
NA,NA,2,2,2,1,2,6,1,4,2,4,2,2,2,2012,Evangelical,Mitt Romney
NA,NA,1,2,2,2,2,7,1,4,3,5,3,3,1,2012,Other Christian,NA
NA,NA,4,2,2,1,2,4,4,4,3,5,2,3,1,2012,Other Christian,NA
NA,NA,2,1,1,2,1,6,3,4,2,4,2,2,2,2012,Not Religious,NA
NA,NA,4,1,1,2,1,4,4,4,2,4,4,2,4,2012,Not Religious,NA
NA,NA,2,2,2,1,2,4,4,1,3,4,4,3,4,2012,Evangelical,NA
NA,NA,2,2,2,1,1,6,1,2,3,4,4,3,6,2012,Mainline,Barack Obama
NA,NA,2,2,1,2,1,4,4,1,3,5,5,2,2,2012,Mainline,Barack Obama
NA,NA,2,2,2,1,1,6,4,4,2,4,4,2,4,2012,Catholic,Mitt Romney
NA,NA,4,2,1,1,2,5,2,7,2,4,3,2,4,2012,Evangelical,NA
NA,NA,2,2,2,1,1,4,4,4,2,4,4,2,3,2012,Catholic,Mitt Romney
NA,NA,2,2,1,2,1,7,2,2,2,4,3,3,1,2012,Catholic,Mitt Romney
NA,NA,1,NA,NA,NA,NA,NA,NA,NA,NA,NA,NA,NA,NA,2012,Mainline,NA
NA,NA,4,2,2,2,1,6,1,6,2,3,4,2,4,2012,Mainline,Mitt Romney
NA,NA,2,2,2,1,1,4,4,7,4,3,4,3,1,2012,Not Religious,Barack Obama
NA,NA,5,NA,NA,NA,NA,NA,NA,NA,NA,NA,NA,NA,NA,2012,Evangelical,NA
NA,NA,2,2,2,2,1,4,4,2,4,4,4,3,1,2012,Not Religious,Barack Obama
NA,NA,1,2,2,1,2,4,2,2,3,4,2,2,5,2012,Catholic,Barack Obama
NA,NA,4,2,2,1,2,4,4,2,3,3,3,3,4,2012,Not Religious,NA
NA,NA,2,2,2,NA,1,7,2,7,3,2,2,2,2,2012,Other Christian,NA
NA,NA,4,NA,NA,NA,NA,NA,NA,NA,NA,NA,NA,NA,NA,2012,Catholic,NA
NA,NA,4,2,1,1,1,6,4,4,2,4,4,2,4,2012,Mainline,Other
NA,NA,4,2,2,2,2,6,4,1,3,4,4,3,1,2012,Mainline,NA
NA,NA,4,2,2,1,1,6,1,6,2,2,2,1,4,2012,Not Religious,Mitt Romney
NA,NA,4,2,2,2,1,4,4,4,4,5,4,2,3,2012,Other Religion,NA
NA,NA,5,2,2,2,1,6,4,6,2,4,3,2,4,2012,Other Christian,Other
NA,NA,4,2,2,1,1,5,1,4,3,4,4,2,2,2012,Evangelical,NA
NA,NA,5,2,2,2,1,6,1,4,2,4,2,3,2,2012,Mainline,Mitt Romney
NA,NA,2,1,2,2,1,7,1,2,3,4,4,4,2,2012,Catholic,NA
NA,NA,4,2,2,2,1,4,4,2,3,4,3,2,2,2012,Other Christian,Mitt Romney
NA,NA,4,2,2,1,1,6,4,4,2,5,3,2,2,2012,Catholic,Mitt Romney
NA,NA,2,1,1,2,1,4,4,1,3,4,4,4,1,2012,Mainline,Barack Obama
NA,NA,4,1,2,2,1,6,1,1,4,4,4,3,1,2012,Mainline,NA
NA,NA,2,1,1,1,1,6,4,4,3,5,4,3,1,2012,Mainline,Barack Obama
NA,NA,4,2,2,1,1,4,4,2,2,2,3,4,3,2012,Evangelical,Barack Obama
NA,NA,1,2,2,1,1,6,2,4,3,5,4,2,1,2012,Other Religion,NA
NA,NA,4,2,2,1,1,7,1,1,3,4,3,2,1,2012,Other Religion,NA
NA,NA,2,2,2,2,1,6,1,2,4,5,4,2,3,2012,Evangelical,Barack Obama
NA,NA,1,1,1,2,1,4,4,5,2,2,4,2,4,2012,Not Religious,NA
NA,NA,2,1,1,2,1,6,4,4,4,4,5,3,2,2012,Not Religious,Other
NA,NA,2,1,2,1,2,4,4,4,1,4,3,1,4,2012,Other Christian,Barack Obama
NA,NA,NA,2,NA,1,1,6,2,7,1,2,4,2,4,2012,Catholic,Mitt Romney
NA,NA,4,2,2,1,2,7,1,1,5,4,2,4,1,2012,Evangelical,NA
NA,NA,4,2,2,2,1,5,2,4,2,4,2,2,4,2012,Mainline,Mitt Romney
NA,NA,4,2,2,1,1,4,4,5,1,3,2,2,4,2012,Not Religious,Mitt Romney
NA,NA,2,2,2,1,2,6,4,4,3,4,3,2,1,2012,Catholic,Barack Obama
NA,NA,2,2,1,1,1,3,1,4,1,3,3,2,7,2012,Evangelical,NA
NA,NA,2,2,1,2,1,5,1,1,4,5,4,4,1,2012,Not Religious,Barack Obama
NA,NA,2,2,2,1,2,6,4,4,2,4,2,2,2,2012,Catholic,Mitt Romney
NA,NA,5,2,2,1,2,4,4,5,2,3,4,2,4,2012,Catholic,Mitt Romney
NA,NA,4,1,1,2,1,4,4,2,3,5,5,2,2,2012,Not Religious,NA
NA,NA,4,2,2,1,1,1,1,1,5,5,5,5,1,2012,Evangelical,Barack Obama
NA,NA,2,2,2,1,2,7,1,1,3,4,4,2,1,2012,Catholic,Mitt Romney
NA,NA,2,2,2,1,1,6,1,4,2,4,4,2,4,2012,Other Christian,NA
NA,NA,NA,2,2,1,1,6,1,4,4,4,4,2,1,2012,Evangelical,Mitt Romney
NA,NA,5,NA,NA,NA,NA,NA,NA,NA,NA,NA,NA,NA,NA,2012,Not Religious,NA
NA,NA,5,2,2,2,2,7,4,2,5,5,5,5,1,2012,Catholic,NA
NA,NA,2,2,2,1,1,4,4,1,5,4,4,3,1,2012,Other Christian,Barack Obama
NA,NA,5,2,2,1,1,4,4,2,4,5,5,3,1,2012,Other Religion,NA
NA,NA,2,2,2,1,1,5,3,4,2,5,4,2,4,2012,Not Religious,Barack Obama
NA,NA,2,2,2,2,2,4,2,6,3,4,3,2,4,2012,Catholic,Mitt Romney
NA,NA,4,2,2,1,2,6,2,2,3,4,3,2,2,2012,Other Christian,NA
NA,NA,2,2,2,1,2,4,2,4,3,5,4,2,2,2012,Not Religious,NA
NA,NA,2,2,2,1,1,4,2,5,2,4,4,2,4,2012,Catholic,NA
NA,NA,4,2,2,1,2,7,4,4,2,4,4,2,2,2012,Not Religious,Mitt Romney
NA,NA,1,2,2,1,2,4,1,4,2,4,3,2,4,2012,Not Religious,Mitt Romney
NA,NA,5,2,2,1,1,4,3,1,2,4,4,1,6,2012,Mainline,Mitt Romney
NA,NA,4,2,1,2,1,6,4,4,2,4,4,3,2,2012,Mainline,Mitt Romney
NA,NA,2,2,2,2,1,4,4,6,2,3,4,2,3,2012,Not Religious,Mitt Romney
NA,NA,2,NA,NA,NA,NA,NA,NA,NA,NA,NA,NA,NA,NA,2012,Mainline,NA
NA,NA,2,2,2,1,1,4,1,4,2,5,5,2,4,2012,Evangelical,NA
NA,NA,5,2,2,1,1,6,4,2,3,4,2,2,3,2012,Catholic,Mitt Romney
NA,NA,4,2,2,2,2,6,4,1,3,3,3,4,1,2012,Not Religious,Barack Obama
NA,NA,4,2,2,1,2,7,2,2,3,4,4,2,7,2012,Not Religious,NA
NA,NA,2,2,2,2,1,7,6,7,3,4,3,4,4,2012,Catholic,NA
NA,NA,4,2,2,1,2,4,1,4,2,4,3,2,4,2012,Evangelical,Mitt Romney
NA,NA,2,2,2,1,2,7,7,6,3,4,3,2,2,2012,Other Christian,Mitt Romney
NA,NA,1,2,2,2,1,4,4,4,3,4,2,3,2,2012,Evangelical,Mitt Romney
NA,NA,5,2,2,1,1,6,2,4,2,5,4,2,4,2012,Evangelical,Mitt Romney
NA,NA,4,2,2,1,1,6,2,2,3,3,2,3,4,2012,Other Christian,Barack Obama
NA,NA,4,2,1,1,1,5,4,4,3,4,5,2,2,2012,Not Religious,Mitt Romney
NA,NA,2,2,2,1,2,6,4,1,3,5,4,3,1,2012,Catholic,Barack Obama
NA,NA,4,2,2,1,1,4,2,2,3,4,3,2,1,2012,Catholic,Mitt Romney
NA,NA,2,2,2,1,1,4,4,4,2,5,3,2,1,2012,Not Religious,Barack Obama
NA,NA,4,1,1,2,1,4,4,1,5,5,5,4,1,2012,Catholic,Barack Obama
NA,NA,4,2,1,2,1,6,1,7,1,2,3,2,4,2012,Not Religious,Mitt Romney
NA,NA,4,2,2,2,2,7,3,6,2,2,4,4,4,2012,Catholic,NA
NA,NA,5,2,2,1,2,7,1,1,4,4,4,1,7,2012,NA,NA
NA,NA,2,1,2,2,1,6,4,4,2,4,3,2,4,2012,Not Religious,Barack Obama
NA,NA,2,2,2,1,2,6,1,1,2,3,3,2,4,2012,Catholic,Barack Obama
NA,NA,5,2,2,1,1,7,1,1,2,4,4,2,4,2012,Catholic,Mitt Romney
NA,NA,4,2,1,1,1,7,1,6,2,3,2,2,4,2012,Evangelical,NA
NA,NA,4,2,2,2,2,4,3,4,2,4,4,2,4,2012,Catholic,Mitt Romney
NA,NA,1,2,2,1,1,6,1,4,2,3,4,2,2,2012,Other Christian,NA
NA,NA,4,2,2,1,1,6,2,1,3,4,4,2,1,2012,Catholic,Barack Obama
NA,NA,4,2,2,1,1,4,4,1,2,3,5,2,2,2012,Not Religious,NA
NA,NA,2,NA,NA,NA,NA,NA,NA,NA,NA,NA,NA,NA,NA,2012,Catholic,NA
NA,NA,2,2,1,1,1,4,4,2,3,5,4,3,1,2012,Evangelical,Mitt Romney
NA,NA,1,2,2,1,2,6,2,4,2,4,4,3,4,2012,Catholic,NA
NA,NA,4,2,1,2,1,6,1,5,3,4,4,2,3,2012,Evangelical,NA
NA,NA,4,2,2,1,1,7,1,4,2,4,4,2,3,2012,Catholic,Mitt Romney
NA,NA,4,2,2,2,1,4,2,6,3,4,2,2,5,2012,Evangelical,Mitt Romney
NA,NA,4,2,1,2,1,6,2,2,3,4,4,2,2,2012,Mainline,Mitt Romney
NA,NA,2,2,2,2,1,4,4,2,3,3,3,3,1,2012,Not Religious,NA
NA,NA,2,2,2,2,2,6,1,2,4,4,4,2,1,2012,Evangelical,Barack Obama
NA,NA,2,2,2,1,2,7,5,3,3,4,4,2,4,2012,Catholic,NA
NA,NA,2,1,1,2,1,6,2,4,4,4,4,3,2,2012,Catholic,Barack Obama
NA,NA,2,2,2,1,2,4,4,4,2,4,4,2,4,2012,Catholic,Barack Obama
NA,NA,1,1,1,2,1,4,2,2,3,4,4,4,1,2012,Catholic,Barack Obama
NA,NA,4,2,2,1,1,4,4,4,3,3,3,3,4,2012,Catholic,NA
NA,NA,2,2,2,2,1,4,4,4,1,4,4,2,4,2012,Other Christian,Barack Obama
NA,NA,2,2,2,1,2,4,4,4,2,4,4,2,2,2012,Catholic,Barack Obama
NA,NA,4,2,1,2,1,6,2,7,2,2,4,2,4,2012,Evangelical,Mitt Romney
NA,NA,2,2,2,1,1,6,3,2,3,4,3,3,1,2012,Other Christian,NA
NA,NA,2,1,2,2,1,6,2,5,1,4,4,2,4,2012,Catholic,Other
NA,NA,1,2,2,1,2,7,1,4,3,4,3,2,1,2012,Other Christian,Other
NA,NA,1,2,1,1,2,7,1,5,2,2,3,2,2,2012,Other Christian,Mitt Romney
NA,NA,5,2,2,1,2,4,4,4,3,3,4,3,4,2012,Not Religious,NA
NA,NA,4,2,2,1,1,6,1,1,4,3,1,3,1,2012,Other Christian,NA
NA,NA,4,2,1,2,1,4,4,4,2,4,4,2,4,2012,Not Religious,Mitt Romney
NA,NA,1,2,1,2,1,4,4,4,3,4,4,2,2,2012,Mainline,Barack Obama
NA,NA,2,1,2,1,2,6,4,4,2,4,4,3,3,2012,Other Christian,Barack Obama
NA,NA,2,2,2,1,1,7,4,1,4,5,4,2,1,2012,Other Christian,NA
NA,NA,2,2,1,1,2,4,4,1,5,5,1,5,1,2012,Evangelical,Mitt Romney
NA,NA,2,2,2,1,2,6,4,4,2,4,4,2,3,2012,Evangelical,Mitt Romney
NA,NA,2,2,2,1,2,6,4,4,2,3,2,3,4,2012,Mainline,Barack Obama
NA,NA,1,2,2,1,1,4,4,1,3,5,5,3,1,2012,Evangelical,Barack Obama
NA,NA,2,2,2,1,1,4,4,4,2,4,3,2,2,2012,Other Religion,NA
NA,NA,2,2,1,2,1,5,4,4,2,5,4,2,1,2012,Not Religious,Barack Obama
NA,NA,2,2,1,2,1,4,4,2,4,5,2,3,2,2012,Catholic,Barack Obama
NA,NA,4,2,2,1,1,4,4,4,3,3,2,3,6,2012,Other Religion,NA
NA,NA,NA,1,2,1,1,6,2,2,3,4,3,3,2,2012,Catholic,NA
NA,NA,4,1,2,2,1,4,4,2,3,4,4,2,3,2012,Other Religion,NA
NA,NA,5,2,2,1,2,5,3,3,4,4,4,2,4,2012,Other Religion,Barack Obama
NA,NA,4,2,2,1,1,4,4,4,2,4,3,2,4,2012,Catholic,Mitt Romney
NA,NA,4,NA,NA,NA,NA,NA,NA,NA,NA,NA,NA,NA,NA,2012,Not Religious,NA
NA,NA,5,1,2,2,1,6,4,1,2,2,3,2,4,2012,Not Religious,Barack Obama
NA,NA,2,2,2,2,2,7,1,4,1,1,1,4,1,2012,Not Religious,NA
NA,NA,2,2,2,1,2,4,5,4,2,3,4,5,4,2012,Not Religious,Barack Obama
NA,NA,4,2,2,1,1,6,1,4,2,4,2,2,1,2012,Other Christian,Barack Obama
NA,NA,4,2,2,2,2,5,4,7,3,2,2,4,6,2012,Evangelical,NA
NA,NA,2,1,1,2,2,5,6,1,4,4,4,3,2,2012,Not Religious,Barack Obama
NA,NA,4,2,2,1,1,4,4,4,1,3,3,3,4,2012,Other Religion,NA
NA,NA,2,1,1,2,2,4,4,4,3,5,4,2,3,2012,Not Religious,Barack Obama
NA,NA,4,2,2,1,1,4,2,5,1,5,3,3,4,2012,Not Religious,NA
NA,NA,1,1,2,2,2,4,4,1,4,3,3,3,4,2012,Catholic,Barack Obama
NA,NA,2,1,1,2,1,5,3,6,1,4,4,1,4,2012,Catholic,NA
NA,NA,2,1,1,2,2,4,4,4,3,4,4,2,4,2012,Not Religious,NA
NA,NA,4,2,2,1,1,7,1,7,2,2,2,2,4,2012,Evangelical,Mitt Romney
NA,NA,1,2,1,2,1,4,4,5,4,4,4,4,2,2012,Not Religious,Barack Obama
NA,NA,4,2,2,1,1,6,3,5,2,2,2,2,4,2012,Other Religion,Mitt Romney
NA,NA,2,2,2,2,2,2,4,3,1,1,1,1,4,2012,Not Religious,NA
NA,NA,2,2,2,2,2,4,4,4,3,5,5,3,2,2012,Evangelical,Barack Obama
NA,NA,2,NA,NA,NA,NA,NA,NA,NA,NA,NA,NA,NA,NA,2012,Catholic,NA
NA,NA,4,2,2,2,2,6,4,4,3,3,3,3,4,2012,Catholic,NA
NA,NA,2,NA,NA,NA,NA,NA,NA,NA,NA,NA,NA,NA,NA,2012,Other Religion,NA
NA,NA,2,1,2,1,2,7,1,4,3,3,3,2,2,2012,Other Christian,Barack Obama
NA,NA,2,2,2,1,1,4,5,4,3,3,2,2,3,2012,Catholic,Mitt Romney
NA,NA,4,2,2,1,2,6,1,4,2,4,4,2,2,2012,Catholic,Mitt Romney
NA,NA,4,2,2,1,1,4,4,4,2,2,2,2,4,2012,Evangelical,Mitt Romney
NA,NA,2,2,1,1,1,6,4,2,3,4,4,2,3,2012,Mainline,NA
NA,NA,2,1,2,2,1,4,2,4,2,5,5,2,2,2012,Catholic,Mitt Romney
NA,NA,2,2,2,2,2,6,1,1,3,4,4,2,4,2012,Not Religious,Barack Obama
NA,NA,2,2,2,1,1,4,2,4,3,3,4,2,4,2012,Mainline,Mitt Romney
NA,NA,1,2,2,2,1,4,4,2,3,5,4,3,2,2012,Catholic,Barack Obama
NA,NA,2,2,2,1,1,4,4,6,2,3,4,2,3,2012,Evangelical,Mitt Romney
NA,NA,2,1,2,2,1,7,1,4,2,3,2,2,2,2012,Other Religion,NA
NA,NA,4,2,2,2,2,4,4,6,1,5,5,1,4,2012,Not Religious,Barack Obama
NA,NA,2,2,2,1,1,2,4,2,3,2,3,4,1,2012,Catholic,Barack Obama
NA,NA,2,1,2,1,2,4,2,3,3,3,3,3,4,2012,Evangelical,NA
NA,NA,2,2,2,2,2,7,1,1,3,2,4,3,2,2012,Not Religious,NA
NA,NA,4,2,2,1,1,4,4,1,5,4,4,3,2,2012,Evangelical,Barack Obama
NA,NA,2,2,2,1,2,6,3,4,3,4,3,2,3,2012,Evangelical,Barack Obama
NA,NA,2,2,2,1,2,4,4,6,2,2,4,2,4,2012,Not Religious,NA
NA,NA,2,1,2,1,2,4,4,4,2,5,4,2,4,2012,Catholic,Barack Obama
NA,NA,1,2,2,1,1,4,4,4,3,4,4,2,2,2012,Mainline,Barack Obama
NA,NA,4,2,2,2,1,6,1,2,3,4,4,2,1,2012,Mainline,NA
NA,NA,2,2,2,2,2,4,4,6,3,3,3,3,6,2012,Catholic,Barack Obama
NA,NA,2,2,2,1,2,6,7,4,2,2,3,2,4,2012,Other Christian,Barack Obama
NA,NA,5,2,2,1,1,6,4,4,3,1,3,3,2,2012,Evangelical,Mitt Romney
NA,NA,2,2,2,2,1,4,4,4,1,1,3,2,3,2012,Catholic,NA
NA,NA,2,2,2,1,1,4,6,4,2,4,4,2,2,2012,Catholic,Mitt Romney
NA,NA,4,2,2,1,1,5,4,2,3,5,5,2,2,2012,Evangelical,Barack Obama
NA,NA,4,NA,NA,NA,NA,NA,NA,NA,NA,NA,NA,NA,NA,2012,Not Religious,NA
NA,NA,2,2,2,1,1,6,1,4,1,2,4,2,4,2012,Evangelical,Mitt Romney
NA,NA,4,2,2,1,2,7,4,2,4,5,2,4,2,2012,Evangelical,Barack Obama
NA,NA,2,1,1,2,1,6,4,6,1,2,4,1,5,2012,Not Religious,NA
NA,NA,2,2,2,2,1,5,5,1,4,4,4,2,2,2012,Evangelical,Barack Obama
NA,NA,5,2,2,1,2,1,4,2,2,4,4,2,3,2012,Mainline,Mitt Romney
NA,NA,5,2,2,1,1,5,2,2,4,5,2,2,3,2012,Not Religious,Barack Obama
NA,NA,2,NA,NA,NA,NA,NA,NA,NA,NA,NA,NA,NA,NA,2012,Not Religious,NA
NA,NA,5,2,2,2,2,6,2,2,3,4,4,2,2,2012,Mainline,Barack Obama
NA,NA,2,2,2,1,2,4,4,4,2,3,3,3,3,2012,Mainline,NA
NA,NA,4,2,2,2,1,4,4,4,2,4,4,3,3,2012,Mainline,NA
NA,NA,5,1,1,2,1,6,4,4,4,4,4,2,2,2012,Not Religious,Barack Obama
NA,NA,4,2,2,1,1,6,4,4,NA,3,3,2,4,2012,NA,Mitt Romney
NA,NA,2,2,2,1,2,6,2,4,2,4,4,2,4,2012,Mainline,Mitt Romney
NA,NA,2,1,2,1,1,4,4,2,4,3,3,3,1,2012,Not Religious,NA
NA,NA,4,2,2,1,1,6,2,6,2,3,3,2,3,2012,Evangelical,Mitt Romney
NA,NA,4,2,2,1,2,6,1,4,2,4,4,2,3,2012,Mainline,NA
NA,NA,1,1,1,2,1,6,2,1,3,5,2,2,1,2012,Not Religious,Barack Obama
NA,NA,2,1,1,2,1,4,1,2,3,5,4,2,2,2012,Catholic,Barack Obama
NA,NA,2,2,2,1,2,7,1,1,3,4,2,2,4,2012,Evangelical,Barack Obama
NA,NA,4,2,2,2,1,4,4,7,3,3,3,3,4,2012,Not Religious,Mitt Romney
NA,NA,4,2,1,1,1,7,1,1,3,4,2,2,1,2012,Evangelical,Barack Obama
NA,NA,2,2,2,1,2,4,4,1,5,5,4,5,2,2012,Other Christian,NA
NA,NA,2,2,2,1,1,4,1,4,3,4,4,2,2,2012,Other Christian,Barack Obama
NA,NA,4,2,2,1,2,4,4,2,3,4,3,1,3,2012,Evangelical,Mitt Romney
NA,NA,1,NA,NA,NA,NA,NA,NA,NA,NA,NA,NA,NA,NA,2012,Evangelical,NA
NA,NA,5,2,2,1,2,6,1,4,3,4,2,2,1,2012,Evangelical,Mitt Romney
NA,NA,5,NA,NA,NA,NA,NA,NA,NA,NA,NA,NA,NA,NA,2012,Not Religious,NA
NA,NA,4,2,2,1,2,6,1,4,1,5,4,1,5,2012,Mainline,Barack Obama
NA,NA,1,1,2,1,2,7,1,4,3,4,4,2,2,2012,Catholic,Barack Obama
NA,NA,5,2,2,1,1,5,1,7,1,2,1,2,7,2012,Catholic,NA
NA,NA,2,2,2,1,2,7,1,4,2,2,2,2,2,2012,Other Christian,Mitt Romney
NA,NA,4,2,2,1,1,6,4,4,3,3,4,2,4,2012,Evangelical,Mitt Romney
NA,NA,4,2,2,1,2,6,2,2,2,4,4,4,1,2012,Catholic,Mitt Romney
NA,NA,1,1,1,2,1,4,4,1,5,5,5,5,2,2012,Not Religious,Barack Obama
NA,NA,2,2,1,1,1,4,3,1,4,5,4,2,1,2012,Evangelical,NA
NA,NA,2,2,2,1,2,6,2,6,2,4,4,2,3,2012,Evangelical,NA
NA,NA,4,2,2,2,1,7,2,3,3,4,2,2,3,2012,Other Christian,Mitt Romney
NA,NA,4,NA,NA,NA,NA,NA,NA,NA,NA,NA,NA,NA,NA,2012,Evangelical,NA
NA,NA,2,1,2,1,1,4,4,4,2,4,4,2,2,2012,Mainline,NA
NA,NA,5,2,2,2,2,7,2,4,5,2,2,4,1,2012,Not Religious,Barack Obama
NA,NA,4,1,2,1,2,6,5,3,3,3,2,2,1,2012,Not Religious,Mitt Romney
NA,NA,2,2,2,2,1,4,4,3,4,4,4,2,2,2012,Evangelical,Barack Obama
NA,NA,2,2,2,2,2,1,1,1,4,4,1,2,1,2012,Evangelical,Barack Obama
NA,NA,2,1,1,2,1,6,4,4,3,4,4,2,4,2012,Not Religious,Other
NA,NA,4,2,2,1,2,4,4,1,3,4,4,3,1,2012,Other Christian,Barack Obama
NA,NA,4,2,2,2,1,6,2,1,3,4,2,5,2,2012,Other Christian,Mitt Romney
NA,NA,2,2,2,1,2,4,4,2,2,5,3,2,2,2012,Evangelical,NA
NA,NA,4,2,1,2,1,6,3,4,2,4,4,2,2,2012,Other Religion,Mitt Romney
NA,NA,5,2,2,1,1,4,1,1,3,4,2,2,2,2012,Not Religious,NA
NA,NA,2,2,2,1,1,5,4,2,3,4,4,3,2,2012,Catholic,NA
NA,NA,4,2,1,2,1,4,4,2,3,4,4,3,1,2012,Not Religious,Barack Obama
NA,NA,5,2,2,2,1,7,1,5,3,3,3,3,3,2012,Mainline,Barack Obama
NA,NA,1,1,1,2,1,6,4,4,3,5,4,2,2,2012,Jewish,Barack Obama
NA,NA,2,2,1,1,1,4,3,4,2,5,4,2,4,2012,Catholic,Barack Obama
NA,NA,4,2,2,1,1,6,4,6,2,4,4,4,1,2012,Evangelical,Mitt Romney
NA,NA,2,1,2,1,1,6,4,4,2,5,4,2,3,2012,Other Religion,NA
NA,NA,2,1,1,2,1,4,2,1,4,5,4,4,1,2012,Not Religious,Barack Obama
NA,NA,2,1,1,2,1,4,4,2,3,4,5,2,2,2012,Not Religious,Barack Obama
NA,NA,2,NA,NA,NA,NA,NA,NA,NA,NA,NA,NA,NA,NA,2012,Not Religious,NA
NA,NA,NA,2,2,1,1,7,1,4,3,4,4,2,4,2012,Other Christian,Mitt Romney
NA,NA,5,1,2,2,1,6,4,4,3,4,5,2,3,2012,Mainline,Mitt Romney
NA,NA,4,2,1,2,1,4,1,4,2,4,4,2,2,2012,Mainline,Mitt Romney
NA,NA,2,2,2,2,2,7,4,2,3,5,5,2,2,2012,Evangelical,Barack Obama
NA,NA,5,NA,NA,NA,NA,NA,NA,NA,NA,NA,NA,NA,NA,2012,Jewish,NA
NA,NA,2,2,2,1,2,2,4,4,2,4,4,2,2,2012,Catholic,Mitt Romney
NA,NA,4,2,2,1,2,7,4,4,1,3,2,3,4,2012,Not Religious,Mitt Romney
NA,NA,1,2,1,1,1,6,1,1,5,5,3,3,4,2012,Evangelical,Barack Obama
NA,NA,4,2,2,1,2,4,4,4,3,3,3,3,4,2012,Catholic,Mitt Romney
NA,NA,1,1,1,2,2,4,4,2,3,4,4,2,4,2012,Not Religious,Barack Obama
NA,NA,5,2,2,1,2,7,1,4,2,2,2,2,4,2012,Evangelical,NA
NA,NA,4,1,1,2,1,4,4,4,3,4,4,2,3,2012,Mainline,Mitt Romney
NA,NA,4,2,2,2,1,6,1,6,3,3,3,3,2,2012,Mainline,Mitt Romney
NA,NA,4,2,1,2,1,4,4,4,2,4,4,2,3,2012,Catholic,Barack Obama
NA,NA,2,2,2,1,1,7,4,4,3,4,4,2,6,2012,Evangelical,Mitt Romney
NA,NA,2,2,1,2,2,4,4,4,2,5,5,2,4,2012,Not Religious,NA
NA,NA,5,2,2,1,2,4,4,2,2,4,2,2,4,2012,Catholic,Mitt Romney
NA,NA,4,2,1,1,2,4,4,4,2,4,4,2,4,2012,Evangelical,NA
NA,NA,2,2,2,1,2,6,2,1,3,5,5,2,2,2012,Catholic,Barack Obama
NA,NA,2,2,2,1,2,4,4,4,2,4,4,2,2,2012,Evangelical,Mitt Romney
NA,NA,4,2,2,2,1,4,4,4,1,2,4,1,6,2012,Catholic,NA
NA,NA,2,NA,NA,NA,NA,NA,NA,NA,NA,NA,NA,NA,NA,2012,NA,NA
NA,NA,4,2,2,1,2,6,4,5,2,4,4,2,3,2012,Evangelical,Mitt Romney
NA,NA,1,1,2,1,2,2,7,1,3,3,4,2,7,2012,Catholic,NA
NA,NA,2,2,1,1,1,4,4,3,3,5,4,2,2,2012,Mainline,Mitt Romney
NA,NA,4,2,2,1,2,7,1,2,2,4,4,2,1,2012,Other Christian,Mitt Romney
NA,NA,4,NA,NA,NA,NA,NA,NA,NA,NA,NA,NA,NA,NA,2012,Other Christian,NA
NA,NA,2,2,2,1,2,4,2,4,2,4,4,2,5,2012,Evangelical,Barack Obama
NA,NA,5,2,2,1,2,5,1,1,5,1,2,4,4,2012,Catholic,Mitt Romney
NA,NA,4,2,2,2,1,4,4,4,3,5,4,2,2,2012,Not Religious,Barack Obama
NA,NA,2,2,2,2,2,6,4,4,2,4,4,1,4,2012,Catholic,Barack Obama
NA,NA,2,2,2,1,1,7,1,4,2,5,3,2,7,2012,Catholic,Barack Obama
NA,NA,5,1,1,1,1,6,4,4,2,5,5,3,1,2012,Not Religious,NA
NA,NA,2,NA,NA,NA,NA,NA,NA,NA,NA,NA,NA,NA,NA,2012,Catholic,NA
NA,NA,1,1,1,2,1,4,4,4,3,4,4,2,4,2012,Other Religion,Barack Obama
NA,NA,NA,2,2,1,2,6,4,4,3,2,3,2,4,2012,Other Christian,Mitt Romney
NA,NA,2,2,2,2,1,4,2,4,3,4,4,2,4,2012,Not Religious,Barack Obama
NA,NA,5,2,2,2,1,7,4,4,2,4,4,2,6,2012,Other Christian,Mitt Romney
NA,NA,4,2,1,1,2,2,1,7,2,4,2,1,2,2012,Other Christian,Mitt Romney
NA,NA,5,2,2,1,1,6,2,5,2,4,3,2,4,2012,Not Religious,Mitt Romney
NA,NA,4,NA,NA,NA,NA,NA,NA,NA,NA,NA,NA,NA,NA,2012,Not Religious,NA
NA,NA,5,2,1,1,1,4,1,5,3,3,4,2,1,2012,Evangelical,Other
NA,NA,1,2,2,2,2,2,5,6,5,2,2,4,5,2012,Catholic,NA
NA,NA,4,NA,NA,NA,NA,NA,NA,NA,NA,NA,NA,NA,NA,2012,Catholic,NA
NA,NA,4,2,1,2,2,7,2,4,2,4,4,2,4,2012,Mainline,Mitt Romney
NA,NA,5,2,2,2,1,4,3,2,3,5,5,3,4,2012,Catholic,NA
NA,NA,2,2,2,2,2,4,6,2,4,2,5,3,1,2012,Evangelical,Barack Obama
NA,NA,4,2,2,1,1,4,4,4,3,4,4,2,1,2012,Evangelical,Barack Obama
NA,NA,1,1,1,2,1,2,7,1,2,3,2,3,2,2012,Other Christian,NA
NA,NA,4,2,1,2,1,4,4,2,3,4,4,2,1,2012,Not Religious,Barack Obama
NA,NA,2,NA,NA,NA,NA,NA,NA,NA,NA,NA,NA,NA,NA,2012,Mainline,NA
NA,NA,4,1,1,2,1,4,4,4,2,5,4,2,3,2012,Not Religious,NA
NA,NA,2,2,2,1,2,1,1,4,3,4,5,4,4,2012,Other Christian,Barack Obama
NA,NA,2,1,1,2,1,4,4,4,3,4,4,2,3,2012,Mainline,NA
NA,NA,4,1,1,2,2,6,1,6,2,3,3,2,2,2012,Not Religious,Mitt Romney
NA,NA,4,2,2,1,2,6,2,4,2,2,4,2,3,2012,Other Christian,Barack Obama
NA,NA,2,2,2,1,1,6,4,2,2,4,4,2,1,2012,Other Christian,Barack Obama
NA,NA,2,1,2,2,2,6,4,2,3,5,4,2,2,2012,Other Religion,NA
NA,NA,2,1,2,1,1,6,4,6,3,2,2,4,6,2012,Not Religious,Barack Obama
NA,NA,4,2,1,2,1,7,1,2,3,5,4,3,1,2012,Other Christian,Mitt Romney
NA,NA,4,2,2,1,2,6,2,7,1,4,2,2,4,2012,Other Christian,Mitt Romney
NA,NA,4,2,1,2,1,7,1,4,3,4,4,2,3,2012,Not Religious,Other
NA,NA,2,2,2,2,2,5,2,4,2,4,4,2,2,2012,Black Protestant,Mitt Romney
NA,NA,2,2,2,1,1,6,1,1,5,5,3,4,2,2012,Catholic,Barack Obama
NA,NA,2,2,1,1,1,6,2,1,4,4,3,3,1,2012,Evangelical,Barack Obama
NA,NA,2,1,1,1,1,6,1,4,2,4,4,2,2,2012,Other Religion,Barack Obama
NA,NA,2,1,1,2,2,4,4,4,2,4,4,2,3,2012,Other Religion,NA
NA,NA,4,2,2,1,1,6,1,4,2,3,3,2,2,2012,Other Christian,Mitt Romney
NA,NA,4,2,2,1,1,5,2,4,3,5,3,2,4,2012,Evangelical,Mitt Romney
NA,NA,2,2,2,2,1,6,1,7,1,4,4,2,4,2012,Jewish,Mitt Romney
NA,NA,4,2,2,2,1,6,3,3,3,5,4,3,3,2012,Catholic,NA
NA,NA,1,2,2,2,2,6,4,4,2,5,4,2,2,2012,Catholic,NA
NA,NA,4,2,2,2,1,6,1,5,1,4,2,1,4,2012,Not Religious,Mitt Romney
NA,NA,4,2,2,1,1,6,2,1,4,4,4,4,1,2012,Mainline,Mitt Romney
NA,NA,4,NA,NA,NA,NA,NA,NA,NA,NA,NA,NA,NA,NA,2012,Not Religious,NA
NA,NA,2,2,1,1,1,7,2,4,2,4,4,2,2,2012,Other Christian,Barack Obama
NA,NA,1,1,1,2,1,4,2,4,4,4,4,2,2,2012,Mainline,NA
NA,NA,2,1,1,2,1,5,4,2,3,4,4,4,2,2012,Not Religious,Barack Obama
NA,NA,2,2,1,1,1,4,4,2,4,4,4,2,2,2012,Mainline,Barack Obama
NA,NA,4,2,2,1,2,6,1,1,3,4,3,2,2,2012,Evangelical,Barack Obama
NA,NA,4,2,1,1,1,6,2,6,2,4,3,2,4,2012,Evangelical,NA
NA,NA,2,2,2,1,2,5,2,4,3,4,4,3,2,2012,Black Protestant,Barack Obama
NA,NA,4,2,2,1,2,6,2,2,2,4,4,2,4,2012,Not Religious,NA
NA,NA,5,2,2,1,2,7,1,2,5,5,5,2,3,2012,Catholic,Barack Obama
NA,NA,4,2,2,2,1,6,4,1,3,5,5,2,2,2012,Catholic,NA
NA,NA,2,2,2,1,1,4,4,1,3,5,4,2,3,2012,Evangelical,Barack Obama
NA,NA,4,2,2,1,1,7,2,6,2,2,3,2,4,2012,Other Christian,Mitt Romney
NA,NA,5,NA,NA,NA,NA,NA,NA,NA,NA,NA,NA,NA,NA,2012,Other Christian,NA
NA,NA,2,2,2,1,2,7,4,7,5,5,5,3,1,2012,Not Religious,Barack Obama
NA,NA,2,2,2,1,2,2,2,4,2,3,4,2,1,2012,Mainline,Barack Obama
NA,NA,4,2,2,1,1,4,2,3,4,5,4,2,4,2012,Evangelical,Barack Obama
NA,NA,4,2,2,1,2,4,4,4,3,3,4,3,4,2012,Catholic,Barack Obama
NA,NA,4,2,2,1,2,4,4,2,3,2,4,4,2,2012,Other Christian,Barack Obama
NA,NA,4,2,2,1,1,7,7,4,2,4,4,2,1,2012,Not Religious,NA
NA,NA,2,1,1,2,1,4,1,4,2,3,4,3,4,2012,Evangelical,Mitt Romney
NA,NA,2,2,2,1,1,4,2,4,3,4,2,2,1,2012,Evangelical,Mitt Romney
NA,NA,4,NA,NA,NA,NA,NA,NA,NA,NA,NA,NA,NA,NA,2012,Other Christian,NA
NA,NA,1,2,2,1,1,6,2,6,3,2,2,3,4,2012,Evangelical,Mitt Romney
NA,NA,5,2,2,1,2,4,4,4,5,3,3,3,1,2012,Not Religious,NA
NA,NA,2,2,1,2,1,4,4,4,3,4,4,2,2,2012,Evangelical,Other
NA,NA,2,NA,NA,NA,NA,NA,NA,NA,NA,NA,NA,NA,NA,2012,Catholic,NA
NA,NA,5,NA,NA,NA,NA,NA,NA,NA,NA,NA,NA,NA,NA,2012,Other Christian,NA
NA,NA,5,2,2,2,1,6,1,2,3,4,4,2,1,2012,Catholic,Mitt Romney
NA,NA,1,2,1,2,1,4,3,4,2,4,3,2,4,2012,Not Religious,NA
NA,NA,4,NA,NA,NA,NA,NA,NA,NA,NA,NA,NA,NA,NA,2012,Evangelical,NA
NA,NA,2,2,1,1,1,4,4,2,3,4,5,2,4,2012,Catholic,Barack Obama
NA,NA,2,1,1,2,1,4,4,1,4,5,4,3,1,2012,Mainline,Barack Obama
NA,NA,5,1,2,1,1,4,4,4,2,4,4,2,2,2012,Evangelical,Mitt Romney
NA,NA,2,2,2,1,2,4,1,4,2,4,4,3,4,2012,Evangelical,Barack Obama
NA,NA,2,2,2,1,2,7,1,2,1,1,4,3,4,2012,Catholic,NA
NA,NA,2,2,2,1,2,7,1,1,5,4,2,4,1,2012,Catholic,Barack Obama
NA,NA,2,1,1,2,1,4,4,4,2,4,4,2,4,2012,Jewish,Barack Obama
NA,NA,2,1,1,2,1,4,4,4,3,5,4,2,2,2012,Catholic,Barack Obama
NA,NA,NA,1,1,2,1,6,NA,NA,3,4,4,2,2,2012,Not Religious,NA
NA,NA,2,2,2,2,2,4,1,2,2,4,3,2,3,2012,Catholic,Mitt Romney
NA,NA,4,2,2,1,1,5,1,1,2,4,4,2,5,2012,Evangelical,Mitt Romney
NA,NA,4,NA,NA,NA,NA,NA,NA,NA,NA,NA,NA,NA,NA,2012,Jewish,NA
NA,NA,4,2,2,1,2,6,1,4,2,4,4,2,4,2012,Catholic,NA
NA,NA,2,1,2,2,1,6,4,6,2,4,4,2,2,2012,Mainline,NA
NA,NA,2,2,1,2,1,6,2,4,2,2,3,3,2,2012,Other Christian,Mitt Romney
NA,NA,4,2,2,1,2,4,4,4,2,4,4,2,2,2012,Mainline,Mitt Romney
NA,NA,4,2,2,1,1,6,5,3,4,2,3,4,4,2012,Catholic,Barack Obama
NA,NA,4,2,2,1,2,7,1,2,3,4,4,2,1,2012,Catholic,NA
NA,NA,4,NA,NA,NA,NA,NA,NA,NA,NA,NA,NA,NA,NA,2012,Not Religious,NA
NA,NA,4,1,1,2,1,7,1,1,2,4,4,3,2,2012,Evangelical,Mitt Romney
NA,NA,1,2,2,1,1,4,2,1,2,5,4,2,1,2012,Mainline,Barack Obama
NA,NA,4,2,2,1,2,6,4,1,4,5,4,3,2,2012,Evangelical,Barack Obama
NA,NA,2,1,2,2,1,6,3,4,3,4,4,2,2,2012,Not Religious,Barack Obama
NA,NA,2,2,1,2,1,4,4,1,5,5,5,4,1,2012,Catholic,Barack Obama
NA,NA,1,2,2,1,1,6,4,4,3,5,5,2,1,2012,Evangelical,Barack Obama
NA,NA,2,2,2,1,2,6,2,4,3,3,2,3,4,2012,Evangelical,NA
NA,NA,2,2,2,2,1,4,4,4,2,4,4,2,2,2012,Catholic,Barack Obama
NA,NA,2,2,2,2,1,7,4,4,3,4,4,2,4,2012,Other Christian,NA
NA,NA,2,2,1,2,1,4,2,4,3,4,3,2,4,2012,Mainline,NA
NA,NA,2,1,1,2,1,4,4,4,2,4,4,2,4,2012,Not Religious,Other
NA,NA,4,2,2,2,2,7,4,4,4,1,2,2,4,2012,Evangelical,Barack Obama
NA,NA,2,NA,2,2,2,3,1,1,5,4,3,5,1,2012,Catholic,Barack Obama
NA,NA,1,2,2,1,2,7,4,1,3,3,4,1,4,2012,Not Religious,NA
NA,NA,4,1,1,2,2,4,4,4,2,4,4,2,4,2012,Mainline,Mitt Romney
NA,NA,2,2,2,1,2,7,1,1,3,5,5,5,1,2012,Catholic,Mitt Romney
NA,NA,2,1,2,1,1,6,4,2,3,5,4,2,3,2012,Other Christian,Barack Obama
NA,NA,2,1,1,2,1,4,4,2,3,4,3,4,2,2012,Jewish,Barack Obama
NA,NA,4,2,2,1,2,6,1,2,3,4,4,2,2,2012,Other Christian,Mitt Romney
NA,NA,4,2,2,1,2,4,4,4,3,2,3,3,3,2012,Evangelical,Barack Obama
NA,NA,1,NA,NA,NA,NA,NA,NA,NA,NA,NA,NA,NA,NA,2012,Catholic,NA
NA,NA,4,2,1,1,1,4,4,5,2,4,4,2,4,2012,Other Christian,Mitt Romney
NA,NA,2,2,1,1,2,4,4,4,2,4,3,3,4,2012,Mainline,Barack Obama
NA,NA,5,1,2,1,2,6,4,1,5,5,3,3,1,2012,Other Christian,Barack Obama
NA,NA,2,2,1,2,1,4,4,4,3,4,4,2,4,2012,Mainline,Barack Obama
NA,NA,4,2,2,1,2,6,4,4,3,4,4,2,2,2012,Not Religious,NA
NA,NA,2,1,2,2,1,4,4,2,4,5,4,2,2,2012,Other Christian,Barack Obama
NA,NA,2,2,2,2,2,4,4,4,3,4,4,2,2,2012,Not Religious,Barack Obama
NA,NA,5,1,1,1,1,6,1,1,4,4,4,4,1,2012,Evangelical,Mitt Romney
NA,NA,4,2,2,2,1,6,2,4,1,4,3,2,4,2012,Not Religious,NA
NA,NA,2,2,2,1,1,6,1,1,3,4,4,3,1,2012,Mainline,Mitt Romney
NA,NA,4,2,1,2,1,4,4,4,1,4,5,1,4,2012,Catholic,NA
NA,NA,4,2,2,1,1,4,4,4,3,4,4,2,2,2012,Not Religious,NA
NA,NA,4,2,2,1,2,7,1,1,4,2,2,4,3,2012,NA,Barack Obama
NA,NA,1,1,1,2,2,7,1,4,3,4,4,2,3,2012,Not Religious,Barack Obama
NA,NA,2,2,2,2,1,4,1,4,3,2,3,3,4,2012,Catholic,Mitt Romney
NA,NA,2,2,1,1,2,6,1,1,3,3,3,3,3,2012,Other Christian,NA
NA,NA,4,2,1,1,1,4,1,4,2,5,4,2,4,2012,Evangelical,Mitt Romney
NA,NA,5,1,2,2,1,4,6,7,1,1,1,1,4,2012,Not Religious,NA
NA,NA,4,2,2,1,1,6,1,4,3,4,3,4,2,2012,Evangelical,NA
NA,NA,1,2,2,1,2,6,1,4,2,3,4,2,4,2012,Catholic,Barack Obama
NA,NA,2,1,2,1,1,7,2,1,4,4,4,4,1,2012,Evangelical,Barack Obama
NA,NA,2,2,2,2,1,6,1,5,2,2,4,2,7,2012,Catholic,Mitt Romney
NA,NA,4,2,2,1,1,6,2,4,2,4,4,2,2,2012,Catholic,Barack Obama
NA,NA,1,2,2,1,2,7,1,1,4,1,5,2,3,2012,Catholic,Barack Obama
NA,NA,5,2,2,1,2,7,4,1,4,4,1,4,1,2012,Not Religious,Other
NA,NA,2,2,1,2,1,6,2,4,2,3,3,3,1,2012,Not Religious,Barack Obama
NA,NA,4,1,1,2,1,4,4,2,3,4,4,2,2,2012,Jewish,Barack Obama
NA,NA,4,2,2,1,1,5,2,4,3,3,4,2,2,2012,Other Christian,Mitt Romney
NA,NA,5,2,2,1,2,1,4,7,1,1,1,5,2,2012,Mainline,Barack Obama
NA,NA,5,2,2,1,2,6,2,6,2,3,3,2,4,2012,Catholic,Mitt Romney
NA,NA,1,1,2,2,2,6,2,2,5,2,3,4,1,2012,Evangelical,Barack Obama
NA,NA,2,NA,NA,NA,NA,NA,NA,NA,NA,NA,NA,NA,NA,2012,Catholic,NA
NA,NA,4,2,1,2,1,4,1,4,2,3,4,2,6,2012,Not Religious,Mitt Romney
NA,NA,4,2,2,2,2,6,1,6,2,2,2,2,4,2012,Not Religious,Mitt Romney
NA,NA,2,NA,NA,NA,NA,NA,NA,NA,NA,NA,NA,NA,NA,2012,Not Religious,NA
NA,NA,2,2,2,1,2,4,4,1,4,4,3,4,4,2012,Catholic,Barack Obama
NA,NA,1,2,1,1,2,7,1,4,2,5,3,2,4,2012,Not Religious,NA
NA,NA,5,2,1,1,1,4,4,6,3,4,4,2,3,2012,Other Christian,Barack Obama
NA,NA,4,2,1,1,1,6,4,3,3,3,3,2,6,2012,Other Christian,NA
NA,NA,2,1,1,2,1,4,4,1,4,4,2,4,1,2012,Catholic,Barack Obama
NA,NA,4,NA,NA,NA,NA,NA,NA,NA,NA,NA,NA,NA,NA,2012,Not Religious,NA
NA,NA,2,2,2,1,2,4,4,7,2,5,4,3,3,2012,Evangelical,NA
NA,NA,4,2,2,2,1,1,1,4,2,4,4,2,4,2012,Catholic,Mitt Romney
NA,NA,2,NA,NA,NA,NA,NA,NA,NA,NA,NA,NA,NA,NA,2012,Other Christian,NA
NA,NA,2,2,2,1,1,4,4,2,3,4,4,4,1,2012,Evangelical,Barack Obama
NA,NA,4,2,2,1,1,4,4,2,4,4,4,3,3,2012,Evangelical,Mitt Romney
NA,NA,2,2,2,1,2,4,4,7,2,5,5,1,4,2012,NA,NA
NA,NA,4,NA,NA,NA,NA,NA,NA,NA,NA,NA,NA,NA,NA,2012,Not Religious,NA
NA,NA,5,NA,NA,NA,NA,NA,NA,NA,NA,NA,NA,NA,NA,2012,Not Religious,NA
NA,NA,2,2,2,1,2,7,1,4,1,3,3,2,2,2012,Catholic,NA
NA,NA,5,2,2,1,1,6,4,1,4,4,4,3,1,2012,Evangelical,NA
NA,NA,2,2,2,1,1,6,3,2,3,4,4,2,4,2012,Mainline,NA
NA,NA,2,2,2,1,1,4,4,4,1,4,4,2,5,2012,Evangelical,Barack Obama
NA,NA,NA,2,2,1,1,6,4,1,4,4,2,4,1,2012,Evangelical,Barack Obama
NA,NA,2,NA,NA,NA,NA,NA,NA,NA,NA,NA,NA,NA,NA,2012,Evangelical,NA
NA,NA,5,2,2,2,2,6,2,2,3,2,2,5,2,2012,Evangelical,Barack Obama
NA,NA,2,2,1,1,1,4,4,4,3,3,4,3,3,2012,Catholic,Barack Obama
NA,NA,4,2,2,1,1,6,2,4,2,5,4,2,2,2012,Evangelical,NA
NA,NA,2,1,1,2,1,6,6,1,3,5,4,2,2,2012,Mainline,Barack Obama
NA,NA,4,2,2,1,2,4,6,4,1,3,3,2,4,2012,Not Religious,Barack Obama
NA,NA,2,2,2,2,1,5,4,4,2,3,2,2,3,2012,Catholic,Barack Obama
NA,NA,5,NA,NA,NA,NA,NA,NA,NA,NA,NA,NA,NA,NA,2012,Catholic,NA
NA,NA,1,2,2,1,2,4,4,2,4,5,4,3,1,2012,Black Protestant,Barack Obama
NA,NA,1,2,2,1,1,6,1,4,2,5,4,2,4,2012,Mainline,Mitt Romney
NA,NA,2,1,2,2,2,4,2,4,3,4,4,2,3,2012,Mainline,Barack Obama
NA,NA,2,2,2,2,1,6,1,4,2,2,4,3,1,2012,Catholic,Barack Obama
NA,NA,5,2,2,1,2,1,1,1,1,1,4,2,1,2012,Catholic,NA
NA,NA,2,2,2,1,1,6,1,4,2,4,4,2,3,2012,Other Christian,Mitt Romney
NA,NA,4,2,2,1,2,6,2,4,5,5,4,2,4,2012,Catholic,NA
NA,NA,2,2,2,2,1,6,3,1,4,3,3,3,2,2012,Catholic,Barack Obama
NA,NA,2,2,2,1,1,1,4,1,4,3,4,3,2,2012,Catholic,Barack Obama
NA,NA,2,2,2,2,2,7,1,1,3,2,4,3,1,2012,Catholic,Barack Obama
NA,NA,4,2,2,1,2,2,2,2,2,1,3,3,4,2012,Catholic,NA
NA,NA,2,2,2,1,1,6,1,4,2,4,4,2,4,2012,Other Christian,Mitt Romney
NA,NA,2,2,2,1,1,6,1,6,2,3,4,2,4,2012,Evangelical,Mitt Romney
NA,NA,4,2,1,2,1,6,2,4,2,5,3,2,4,2012,Catholic,Mitt Romney
NA,NA,2,2,1,1,1,6,2,4,2,4,4,2,4,2012,Black Protestant,Barack Obama
NA,NA,4,2,2,1,1,6,2,2,2,4,4,3,2,2012,Evangelical,NA
NA,NA,2,2,2,2,2,4,4,4,3,5,2,4,4,2012,Not Religious,Barack Obama
NA,NA,2,2,1,2,2,4,4,4,3,4,5,2,4,2012,Catholic,Barack Obama
NA,NA,2,2,2,1,2,4,1,7,1,4,4,2,2,2012,Not Religious,NA
NA,NA,2,2,1,2,1,4,4,6,2,4,4,2,4,2012,Not Religious,Mitt Romney
NA,NA,2,2,2,1,2,5,3,4,3,4,4,2,3,2012,Catholic,NA
NA,NA,2,2,1,2,1,4,4,1,4,5,3,3,1,2012,Not Religious,Barack Obama
NA,NA,4,1,2,1,1,7,1,1,2,5,4,2,1,2012,Other Religion,NA
NA,NA,4,2,2,2,2,6,1,7,2,2,4,2,4,2012,Other Christian,Mitt Romney
NA,NA,2,2,1,2,1,4,4,4,3,5,5,3,1,2012,Catholic,Barack Obama
NA,NA,4,NA,NA,NA,NA,NA,NA,NA,NA,NA,NA,NA,NA,2012,Evangelical,NA
NA,NA,4,2,2,2,1,6,2,4,2,2,4,2,3,2012,Not Religious,NA
NA,NA,2,2,1,2,2,5,4,1,3,5,2,2,3,2012,Not Religious,Barack Obama
NA,NA,2,NA,NA,NA,NA,NA,NA,NA,NA,NA,NA,NA,NA,2012,Jewish,NA
NA,NA,4,2,1,1,1,6,4,3,2,4,4,2,4,2012,Not Religious,NA
NA,NA,1,2,2,1,2,4,4,4,2,1,3,3,4,2012,Other Christian,Barack Obama
NA,NA,2,2,2,2,1,6,4,4,2,4,4,3,4,2012,Not Religious,Barack Obama
NA,NA,5,2,2,2,1,6,1,1,4,4,2,4,1,2012,Catholic,Barack Obama
NA,NA,4,2,2,1,1,6,4,4,2,4,4,3,1,2012,Mainline,Mitt Romney
NA,NA,4,2,2,2,1,6,4,4,1,2,4,2,4,2012,Catholic,NA
NA,NA,4,2,2,1,2,4,4,5,2,2,3,2,4,2012,Mainline,Mitt Romney
NA,NA,4,2,2,2,2,4,4,5,2,4,4,2,4,2012,Other Christian,Mitt Romney
NA,NA,2,2,2,2,1,5,2,4,2,4,4,2,4,2012,Not Religious,Mitt Romney
NA,NA,4,2,2,1,2,4,4,4,2,4,4,2,2,2012,Catholic,Mitt Romney
NA,NA,4,2,1,2,1,2,2,1,3,2,4,2,4,2012,Not Religious,Barack Obama
NA,NA,2,1,1,2,1,4,4,1,5,5,5,3,1,2012,Not Religious,Barack Obama
NA,NA,2,1,1,2,1,4,2,4,2,4,4,2,4,2012,Not Religious,NA
NA,NA,4,2,1,2,1,6,1,6,2,4,2,2,4,2012,Mainline,Mitt Romney
NA,NA,4,2,1,1,1,7,1,1,4,4,5,2,1,2012,Catholic,Barack Obama
NA,NA,2,2,1,2,1,6,4,1,4,4,3,2,2,2012,Other Christian,Barack Obama
NA,NA,4,2,1,2,2,6,4,6,2,3,2,2,4,2012,Catholic,Mitt Romney
NA,NA,5,1,1,2,1,6,2,4,2,3,4,2,4,2012,Other Christian,Mitt Romney
NA,NA,4,2,1,2,1,4,4,4,3,2,5,2,2,2012,Other Christian,Mitt Romney
NA,NA,4,2,2,1,1,4,4,4,3,4,4,2,4,2012,Catholic,Mitt Romney
NA,NA,5,2,2,1,2,7,1,1,4,5,4,3,2,2012,Other Christian,Mitt Romney
NA,NA,2,1,2,1,2,6,2,2,4,4,4,2,2,2012,Not Religious,Barack Obama
NA,NA,4,2,1,2,1,5,2,4,2,4,3,2,3,2012,Catholic,Barack Obama
NA,NA,4,2,2,1,2,6,1,6,2,3,2,2,4,2012,Catholic,Mitt Romney
NA,NA,4,2,1,2,1,4,4,4,4,5,4,3,2,2012,Mainline,Barack Obama
NA,NA,1,1,1,2,1,4,4,4,3,4,4,2,4,2012,Catholic,NA
NA,NA,5,1,1,2,1,6,1,4,3,4,5,2,3,2012,Other Religion,Barack Obama
NA,NA,4,2,1,2,1,6,2,4,2,3,3,2,4,2012,Catholic,Mitt Romney
NA,NA,2,2,1,2,1,2,4,2,4,5,4,5,2,2012,Other Christian,NA
NA,NA,2,2,1,2,2,6,2,4,4,3,3,3,3,2012,Not Religious,NA
NA,NA,1,2,2,1,1,6,1,4,3,4,4,2,1,2012,Evangelical,Barack Obama
NA,NA,4,NA,NA,NA,NA,NA,NA,NA,NA,NA,NA,NA,NA,2012,Catholic,NA
NA,NA,2,2,2,1,2,5,4,2,3,4,4,2,1,2012,Evangelical,Barack Obama
NA,NA,2,2,2,1,2,4,2,2,2,4,4,2,2,2012,Catholic,NA
NA,NA,4,2,2,1,1,4,4,2,3,3,4,4,2,2012,Catholic,Barack Obama
NA,NA,4,2,1,2,1,4,4,4,3,4,3,2,2,2012,Other Christian,Barack Obama
NA,NA,4,2,1,1,1,4,3,4,2,3,2,2,4,2012,Evangelical,Mitt Romney
NA,NA,5,2,2,2,2,7,4,1,2,3,3,2,4,2012,Catholic,Barack Obama
NA,NA,4,2,2,1,1,4,4,1,4,4,3,3,1,2012,Mainline,Barack Obama
NA,NA,2,2,1,1,2,6,2,6,1,3,4,2,4,2012,Catholic,NA
NA,NA,5,1,1,1,1,6,6,2,5,1,1,5,3,2012,Not Religious,Barack Obama
NA,NA,4,2,2,1,2,4,4,4,3,4,4,2,1,2012,Not Religious,Barack Obama
NA,NA,4,1,2,2,1,5,6,4,2,3,3,2,2,2012,Not Religious,NA
NA,NA,2,1,1,2,1,7,4,1,4,4,4,2,2,2012,Other Religion,Barack Obama
NA,NA,4,2,2,1,1,6,1,1,3,3,3,3,1,2012,Evangelical,Mitt Romney
NA,NA,2,2,2,1,2,6,4,4,3,4,4,2,2,2012,Not Religious,NA
NA,NA,4,1,2,1,1,6,4,4,3,3,4,2,4,2012,Other Christian,NA
NA,NA,2,1,2,2,2,2,4,5,3,3,2,4,4,2012,Not Religious,NA
NA,NA,2,2,2,1,2,4,1,4,3,4,4,2,4,2012,Evangelical,NA
NA,NA,2,2,2,2,1,4,4,3,3,4,4,2,2,2012,Other Christian,Barack Obama
NA,NA,2,2,1,1,1,7,1,2,2,4,2,3,4,2012,Catholic,Barack Obama
NA,NA,2,NA,NA,NA,NA,NA,NA,NA,NA,NA,NA,NA,NA,2012,Not Religious,NA
NA,NA,2,1,1,2,1,4,4,1,5,5,2,3,1,2012,Not Religious,Barack Obama
NA,NA,5,2,2,2,2,4,2,4,2,4,4,2,4,2012,Mainline,NA
NA,NA,4,2,2,2,2,7,1,4,2,4,4,2,4,2012,Other Religion,Mitt Romney
NA,NA,2,2,1,2,1,4,4,1,5,4,4,2,2,2012,Catholic,Barack Obama
NA,NA,2,1,1,2,1,6,3,2,3,5,4,2,2,2012,Mainline,Barack Obama
NA,NA,2,2,2,1,2,5,4,3,5,2,5,4,1,2012,Other Religion,NA
NA,NA,4,2,2,1,1,7,1,5,2,3,4,2,4,2012,Other Christian,Mitt Romney
NA,NA,4,NA,NA,NA,NA,NA,NA,NA,NA,NA,NA,NA,NA,2012,Not Religious,NA
NA,NA,2,2,2,1,2,4,4,4,2,3,3,2,4,2012,Not Religious,NA
NA,NA,4,2,2,1,2,4,1,4,2,4,3,2,4,2012,Not Religious,Mitt Romney
NA,NA,4,2,2,2,1,6,1,7,1,2,4,2,4,2012,Mainline,Mitt Romney
NA,NA,4,1,1,2,1,4,4,2,3,4,4,2,2,2012,Not Religious,Barack Obama
NA,NA,2,2,2,1,2,5,1,5,1,2,3,2,4,2012,Evangelical,Mitt Romney
NA,NA,4,2,2,2,1,3,4,6,4,4,2,4,1,2012,Mainline,Mitt Romney
NA,NA,4,2,2,1,2,4,1,5,1,4,4,2,1,2012,Other Christian,Mitt Romney
NA,NA,4,2,2,1,1,4,4,4,3,4,4,2,3,2012,Not Religious,NA
NA,NA,5,2,2,1,1,6,2,4,3,4,3,3,4,2012,Other Christian,Barack Obama
NA,NA,4,2,1,2,1,4,4,2,4,5,5,2,2,2012,Jewish,Barack Obama
NA,NA,NA,1,2,2,2,4,4,4,3,4,4,2,2,2012,Not Religious,Barack Obama
NA,NA,1,2,2,1,1,7,1,4,1,5,2,2,4,2012,Catholic,Mitt Romney
NA,NA,5,2,2,1,2,7,1,6,2,3,4,2,4,2012,Not Religious,NA
NA,NA,2,1,1,1,1,7,1,2,2,3,4,4,4,2012,Not Religious,Barack Obama
NA,NA,2,2,1,1,1,6,4,4,2,4,4,2,2,2012,Mainline,Barack Obama
NA,NA,4,2,2,2,2,7,1,4,2,2,2,3,6,2012,Catholic,NA
NA,NA,4,2,2,2,1,4,4,4,2,4,4,1,4,2012,Catholic,Mitt Romney
NA,NA,2,2,2,1,2,5,4,2,3,4,4,2,4,2012,Evangelical,Barack Obama
NA,NA,1,2,2,1,2,5,2,4,1,4,4,2,4,2012,Catholic,NA
NA,NA,2,2,2,2,1,6,2,5,2,3,4,2,4,2012,Other Christian,Mitt Romney
NA,NA,NA,NA,NA,NA,NA,NA,NA,NA,NA,NA,NA,NA,NA,2012,Mainline,NA
NA,NA,2,2,2,1,1,6,2,2,4,4,4,3,5,2012,Catholic,NA
NA,NA,4,2,2,1,1,7,1,4,2,4,4,2,4,2012,Evangelical,Mitt Romney
NA,NA,4,1,1,2,1,4,7,3,3,4,4,2,3,2012,Catholic,Barack Obama
NA,NA,2,2,2,1,1,6,2,4,3,4,3,3,2,2012,Not Religious,Barack Obama
NA,NA,2,1,1,2,2,6,2,4,2,4,4,2,2,2012,Other Christian,NA
NA,NA,4,NA,NA,NA,NA,NA,NA,NA,NA,NA,NA,NA,NA,2012,Evangelical,NA
NA,NA,2,1,2,1,1,4,4,4,4,5,5,1,4,2012,Not Religious,NA
NA,NA,1,2,1,2,1,4,4,2,2,4,4,2,4,2012,Other Religion,Barack Obama
NA,NA,1,1,1,1,2,4,5,4,4,1,3,5,4,2012,Black Protestant,NA
NA,NA,4,NA,NA,NA,NA,NA,NA,NA,NA,NA,NA,NA,NA,2012,Mainline,NA
NA,NA,4,2,2,1,2,4,4,4,1,3,3,3,4,2012,Not Religious,NA
NA,NA,1,NA,NA,NA,NA,NA,NA,NA,NA,NA,NA,NA,NA,2012,Evangelical,NA
NA,NA,2,2,2,1,1,4,3,4,3,5,4,2,2,2012,Other Christian,Mitt Romney
NA,NA,2,1,2,1,2,4,4,5,3,3,3,3,4,2012,Other Christian,Mitt Romney
NA,NA,4,2,2,1,2,6,4,4,2,3,3,1,3,2012,Catholic,Barack Obama
NA,NA,2,1,1,2,1,7,4,4,2,4,4,4,2,2012,Not Religious,Barack Obama
NA,NA,2,2,2,1,1,7,1,3,3,3,4,2,2,2012,Evangelical,NA
NA,NA,4,2,2,1,2,7,1,2,3,5,4,4,1,2012,Evangelical,Mitt Romney
NA,NA,5,2,2,2,1,4,5,3,3,5,4,2,2,2012,Not Religious,NA
NA,NA,5,2,2,1,2,6,4,4,2,4,4,2,3,2012,Not Religious,Mitt Romney
NA,NA,4,2,2,1,2,4,4,7,1,2,2,2,4,2012,Evangelical,Mitt Romney
NA,NA,2,2,2,1,1,7,1,4,3,3,4,2,3,2012,Mainline,Barack Obama
NA,NA,2,2,2,2,2,6,4,2,3,3,3,3,4,2012,Not Religious,NA
NA,NA,2,2,2,2,2,6,5,4,3,3,4,4,4,2012,Catholic,Barack Obama
NA,NA,2,1,1,2,2,4,4,1,5,4,1,5,1,2012,Catholic,NA
NA,NA,5,2,2,1,2,6,3,2,3,4,4,2,2,2012,Catholic,NA
NA,NA,2,2,2,1,1,6,3,2,3,4,3,3,2,2012,Mainline,Mitt Romney
NA,NA,1,2,2,2,1,4,4,4,3,4,4,3,1,2012,Not Religious,Barack Obama
NA,NA,2,1,2,2,2,4,4,4,1,4,4,1,3,2012,Mainline,Barack Obama
NA,NA,1,1,2,2,1,4,3,1,5,4,3,5,1,2012,Catholic,NA
NA,NA,2,2,2,1,2,4,2,6,3,4,3,2,2,2012,Jewish,Mitt Romney
NA,NA,2,1,1,2,1,4,4,1,5,4,5,3,2,2012,Not Religious,Barack Obama
NA,NA,4,2,2,1,1,7,1,7,2,3,1,3,4,2012,Not Religious,NA
NA,NA,4,2,2,1,2,7,2,4,2,3,4,2,4,2012,Evangelical,Mitt Romney
NA,NA,4,2,1,1,2,4,4,2,4,3,2,1,2,2012,Not Religious,Barack Obama
NA,NA,5,2,2,1,2,7,4,7,1,1,5,2,4,2012,Other Religion,NA
NA,NA,4,2,1,2,1,6,2,5,1,4,4,2,4,2012,Not Religious,Mitt Romney
NA,NA,2,NA,NA,NA,NA,NA,NA,NA,NA,NA,NA,NA,NA,2012,Not Religious,NA
NA,NA,2,2,1,2,1,4,4,2,3,3,4,3,2,2012,Evangelical,Barack Obama
NA,NA,4,2,2,1,1,5,4,7,1,2,2,1,4,2012,Mainline,Mitt Romney
NA,NA,5,2,2,1,2,6,6,6,3,4,3,3,4,2012,Other Religion,NA
NA,NA,2,2,2,2,1,4,4,4,2,2,4,2,4,2012,Catholic,Other
NA,NA,4,2,2,1,1,4,4,4,2,4,4,2,2,2012,Not Religious,Barack Obama
NA,NA,2,2,2,2,1,4,4,1,5,5,4,4,1,2012,Not Religious,Barack Obama
NA,NA,5,2,2,1,2,6,NA,NA,3,5,5,4,1,2012,Jewish,Other
NA,NA,4,NA,NA,NA,NA,NA,NA,NA,NA,NA,NA,NA,NA,2012,Mainline,NA
NA,NA,5,2,2,2,1,6,1,4,3,4,3,3,1,2012,Catholic,Mitt Romney
NA,NA,2,2,2,1,1,4,4,1,4,4,3,4,4,2012,Catholic,Barack Obama
NA,NA,2,2,2,1,2,6,1,4,3,4,4,2,5,2012,Not Religious,Barack Obama
NA,NA,4,2,2,2,1,6,1,4,2,2,2,2,4,2012,Not Religious,Mitt Romney
NA,NA,1,2,2,1,2,6,1,2,3,2,2,3,2,2012,Evangelical,Barack Obama
NA,NA,4,2,2,2,2,7,2,4,2,2,4,3,4,2012,Not Religious,NA
NA,NA,2,NA,NA,NA,NA,NA,NA,NA,NA,NA,NA,NA,NA,2012,Not Religious,NA
NA,NA,4,1,1,2,1,6,2,1,4,4,4,4,1,2012,Catholic,Mitt Romney
NA,NA,4,2,2,1,1,6,1,4,1,3,3,1,4,2012,Not Religious,NA
NA,NA,2,2,2,1,2,6,1,2,3,3,3,2,1,2012,Catholic,Barack Obama
NA,NA,2,2,1,2,1,6,4,4,3,5,5,3,1,2012,Evangelical,Barack Obama
NA,NA,2,1,1,2,1,6,1,4,2,4,4,2,4,2012,Evangelical,Mitt Romney
NA,NA,5,2,2,1,1,6,1,4,2,2,4,2,3,2012,Evangelical,Mitt Romney
NA,NA,5,2,2,1,2,7,1,1,4,5,1,4,1,2012,Catholic,Mitt Romney
NA,NA,5,2,2,1,2,6,1,4,3,4,4,2,2,2012,Evangelical,Mitt Romney
NA,NA,5,NA,NA,NA,NA,NA,NA,NA,NA,NA,NA,NA,NA,2012,Catholic,NA
NA,NA,2,NA,NA,NA,NA,NA,NA,NA,NA,NA,NA,NA,NA,2012,Catholic,NA
NA,NA,2,2,2,1,1,6,1,6,2,4,4,2,2,2012,Evangelical,Mitt Romney
NA,NA,2,2,2,1,1,4,4,4,2,5,4,2,4,2012,Catholic,Barack Obama
NA,NA,4,2,2,1,2,6,1,4,2,4,4,2,4,2012,Catholic,Mitt Romney
NA,NA,5,2,2,1,1,4,1,2,3,3,4,3,3,2012,Evangelical,Mitt Romney
NA,NA,2,1,1,1,2,7,3,4,2,5,4,2,4,2012,Not Religious,Barack Obama
NA,NA,2,2,2,1,2,4,2,4,3,2,3,4,1,2012,Evangelical,NA
NA,NA,5,2,2,1,2,4,1,2,3,3,3,5,4,2012,NA,Mitt Romney
NA,NA,5,2,2,2,2,4,4,1,4,5,3,3,2,2012,Other Christian,Barack Obama
NA,NA,2,1,2,2,2,7,4,7,3,4,3,3,1,2012,Not Religious,NA
NA,NA,4,1,2,2,1,6,2,4,1,4,2,2,4,2012,Catholic,Mitt Romney
NA,NA,5,2,2,1,1,7,1,1,4,4,5,5,1,2012,Catholic,Barack Obama
NA,NA,2,2,2,1,2,5,3,4,2,4,4,2,4,2012,Catholic,Barack Obama
NA,NA,4,2,2,1,1,4,4,4,2,4,3,2,4,2012,NA,NA
NA,NA,2,NA,NA,NA,NA,NA,NA,NA,NA,NA,NA,NA,NA,2012,Evangelical,NA
NA,NA,4,2,2,1,1,7,1,4,4,3,2,4,2,2012,Catholic,Mitt Romney
NA,NA,2,2,2,2,1,4,4,4,3,5,5,1,4,2012,Not Religious,NA
NA,NA,2,2,2,1,2,4,1,1,3,1,4,3,4,2012,NA,Barack Obama
NA,NA,2,2,2,1,2,6,1,4,1,5,3,1,6,2012,Catholic,Barack Obama
NA,NA,5,2,2,1,2,6,1,4,2,3,4,2,4,2012,Evangelical,Mitt Romney
NA,NA,4,2,2,1,1,6,1,7,1,2,2,1,7,2012,Mainline,NA
NA,NA,2,NA,NA,NA,NA,NA,NA,NA,NA,NA,NA,NA,NA,2012,Mainline,NA
NA,NA,4,2,2,1,2,6,2,7,1,3,2,3,4,2012,Evangelical,Mitt Romney
NA,NA,2,2,2,1,2,4,4,2,4,4,4,3,2,2012,Not Religious,Barack Obama
NA,NA,4,2,2,2,1,4,4,1,3,5,5,3,1,2012,Mainline,Barack Obama
NA,NA,2,NA,NA,NA,NA,NA,NA,NA,NA,NA,NA,NA,NA,2012,Evangelical,NA
NA,NA,2,2,2,1,2,6,1,1,2,5,4,3,1,2012,Catholic,Barack Obama
NA,NA,1,1,1,2,1,4,4,1,4,4,4,3,1,2012,Mainline,Barack Obama
NA,NA,5,2,2,1,1,7,4,4,1,5,4,3,4,2012,Other Christian,NA
NA,NA,4,NA,NA,NA,NA,NA,NA,NA,NA,NA,NA,NA,NA,2012,Evangelical,NA
NA,NA,2,2,2,2,1,6,1,3,1,3,3,2,2,2012,Catholic,Other
NA,NA,4,NA,NA,NA,NA,NA,NA,NA,NA,NA,NA,NA,NA,2012,Evangelical,NA
NA,NA,4,2,2,1,1,4,4,4,2,3,3,2,4,2012,Evangelical,Mitt Romney
NA,NA,4,2,2,2,2,4,4,4,3,2,2,4,4,2012,Catholic,Barack Obama
NA,NA,1,2,1,2,1,6,4,4,3,4,4,2,2,2012,Not Religious,Barack Obama
NA,NA,2,1,1,2,1,6,1,4,3,4,2,2,2,2012,Evangelical,Mitt Romney
NA,NA,2,2,NA,1,1,4,2,2,3,4,4,2,2,2012,Mainline,NA
NA,NA,2,2,1,2,2,6,1,2,3,4,4,2,2,2012,Catholic,Barack Obama
NA,NA,4,2,1,2,1,7,4,2,3,4,4,2,2,2012,Evangelical,Barack Obama
NA,NA,4,2,2,1,2,6,1,1,3,5,4,2,2,2012,Evangelical,Barack Obama
NA,NA,5,1,2,1,1,6,2,1,4,5,4,3,2,2012,Catholic,Barack Obama
NA,NA,2,2,1,1,2,6,4,2,3,4,3,4,1,2012,Mainline,Barack Obama
NA,NA,2,2,2,2,2,4,4,4,3,4,4,2,2,2012,Catholic,Mitt Romney
NA,NA,4,2,2,1,2,4,2,4,2,4,4,2,1,2012,Other Christian,Mitt Romney
NA,NA,5,NA,NA,NA,NA,NA,NA,NA,NA,NA,NA,NA,NA,2012,Catholic,NA
NA,NA,5,2,2,1,1,7,1,4,2,5,4,2,3,2012,Not Religious,NA
NA,NA,5,1,2,2,1,4,2,6,3,3,3,3,4,2012,Evangelical,Barack Obama
NA,NA,5,2,1,2,1,4,4,7,1,2,2,1,6,2012,Other Christian,NA
NA,NA,1,2,1,2,1,6,4,2,3,4,4,2,2,2012,Catholic,NA
NA,NA,2,1,2,2,1,4,4,2,NA,4,NA,2,2,2012,Not Religious,Barack Obama
NA,NA,4,1,1,2,1,4,4,6,2,4,4,2,4,2012,Not Religious,Other
NA,NA,2,2,1,2,1,4,4,4,3,5,4,2,2,2012,Catholic,Mitt Romney
NA,NA,2,2,2,1,NA,7,1,7,1,2,4,2,4,2012,Jewish,Mitt Romney
NA,NA,1,2,2,1,2,6,4,4,2,4,4,2,3,2012,Not Religious,Barack Obama
NA,NA,5,1,1,2,1,1,4,1,4,2,2,4,4,2012,Catholic,NA
NA,NA,4,2,2,1,2,4,2,6,2,4,2,3,4,2012,Evangelical,NA
NA,NA,2,1,2,1,1,5,4,2,3,5,4,3,2,2012,Catholic,Barack Obama
NA,NA,2,2,2,1,1,7,4,2,4,4,1,4,1,2012,Other Christian,Barack Obama
NA,NA,4,2,2,1,1,7,1,7,2,5,4,2,4,2012,Catholic,Mitt Romney
NA,NA,4,2,2,1,1,4,1,3,1,5,2,3,2,2012,Not Religious,NA
NA,NA,5,2,2,1,2,7,4,4,3,3,3,3,4,2012,Other Christian,Barack Obama
NA,NA,4,NA,NA,NA,NA,NA,NA,NA,NA,NA,NA,NA,NA,2012,Evangelical,NA
NA,NA,1,2,2,1,2,6,4,6,2,2,3,3,4,2012,Not Religious,NA
NA,NA,5,2,2,1,2,4,2,2,3,3,3,2,4,2012,Other Christian,Barack Obama
NA,NA,4,NA,NA,NA,NA,NA,NA,NA,NA,NA,NA,NA,NA,2012,Mainline,NA
NA,NA,2,2,1,2,1,7,2,4,3,5,4,2,3,2012,Mainline,Barack Obama
NA,NA,4,2,2,2,1,7,3,1,2,5,5,NA,4,2012,Catholic,NA
NA,NA,2,2,2,2,1,2,2,2,2,4,4,2,1,2012,Catholic,Barack Obama
NA,NA,4,2,1,2,2,4,4,6,2,4,3,4,3,2012,Catholic,Mitt Romney
NA,NA,5,2,2,1,1,4,4,2,3,5,5,2,3,2012,Catholic,Barack Obama
NA,NA,2,1,1,2,1,4,4,1,5,5,5,3,1,2012,Mainline,Barack Obama
NA,NA,5,2,2,1,2,6,4,1,4,4,3,2,1,2012,Not Religious,NA
NA,NA,4,2,2,1,2,7,7,6,2,3,3,3,4,2012,Evangelical,Mitt Romney
NA,NA,4,2,2,1,1,NA,NA,2,3,5,4,2,1,2012,NA,NA
NA,NA,NA,2,1,2,1,7,4,5,2,1,2,2,4,2012,Other Religion,Mitt Romney
NA,NA,4,2,2,1,2,4,2,4,3,3,3,2,3,2012,Catholic,Barack Obama
NA,NA,2,2,2,1,1,4,4,4,2,4,3,2,1,2012,Catholic,NA
NA,NA,2,2,2,1,1,4,4,1,4,4,4,3,2,2012,Not Religious,NA
NA,NA,1,1,2,1,2,4,4,4,1,3,3,3,4,2012,Evangelical,NA
NA,NA,2,2,2,1,2,6,4,7,5,4,4,2,2,2012,Other Religion,Barack Obama
NA,NA,2,2,2,1,1,6,2,4,1,4,2,2,4,2012,Other Christian,Mitt Romney
NA,NA,2,2,2,1,2,7,5,6,2,4,4,2,2,2012,Other Christian,Mitt Romney
NA,NA,2,1,1,2,2,4,4,4,2,4,4,2,4,2012,Evangelical,Barack Obama
NA,NA,2,2,1,2,1,4,4,4,3,5,5,2,4,2012,Other Christian,NA
NA,NA,4,2,2,2,2,6,2,2,4,4,3,4,2,2012,Jewish,NA
NA,NA,2,2,2,1,1,5,4,2,3,5,3,4,2,2012,Evangelical,Barack Obama
NA,NA,4,2,1,2,1,6,3,5,2,2,2,3,2,2012,Other Christian,NA
NA,NA,2,2,2,1,1,6,1,4,2,5,4,2,1,2012,Not Religious,NA
NA,NA,4,2,2,1,1,6,2,4,3,4,4,2,1,2012,Catholic,Mitt Romney
NA,NA,2,2,1,2,1,6,4,4,2,4,4,2,1,2012,Not Religious,Barack Obama
NA,NA,2,2,2,2,1,4,4,1,5,5,4,3,1,2012,Not Religious,Barack Obama
NA,NA,5,2,1,2,2,4,4,4,3,3,4,2,2,2012,Mainline,NA
NA,NA,4,2,2,1,2,7,4,1,5,4,4,4,2,2012,Other Christian,Mitt Romney
NA,NA,5,1,1,2,2,5,4,2,4,4,5,4,2,2012,Catholic,Barack Obama
NA,NA,2,1,2,1,1,4,4,4,2,4,4,2,2,2012,Not Religious,Barack Obama
NA,NA,2,2,2,1,1,4,4,4,2,4,4,2,3,2012,Evangelical,Barack Obama
NA,NA,2,NA,NA,NA,NA,NA,NA,NA,NA,NA,NA,NA,NA,2012,Not Religious,NA
NA,NA,1,1,1,2,1,7,1,6,2,1,1,2,2,2012,Other Religion,Mitt Romney
NA,NA,4,1,1,2,1,6,2,7,2,4,3,2,3,2012,Mainline,NA
NA,NA,2,1,1,2,1,4,4,4,3,4,3,2,4,2012,Catholic,Barack Obama
NA,NA,2,2,2,1,1,4,2,4,2,3,2,2,4,2012,Catholic,Mitt Romney
NA,NA,2,1,2,2,1,6,1,7,1,3,2,2,4,2012,Evangelical,Mitt Romney
NA,NA,4,2,2,2,1,6,1,4,2,3,4,2,2,2012,Mainline,Mitt Romney
NA,NA,2,1,2,1,2,4,4,4,2,2,2,2,4,2012,Mainline,Mitt Romney
NA,NA,4,1,1,2,1,4,4,4,5,4,2,4,1,2012,Mainline,NA
NA,NA,4,2,2,2,1,4,4,4,2,2,3,3,4,2012,Not Religious,Mitt Romney
NA,NA,4,2,2,2,1,4,4,4,3,5,4,2,3,2012,Catholic,Barack Obama
NA,NA,2,1,2,1,1,6,2,4,2,3,3,3,3,2012,Evangelical,Mitt Romney
NA,NA,2,1,2,2,2,6,4,4,3,3,4,3,3,2012,Not Religious,Barack Obama
NA,NA,4,1,2,1,1,4,4,4,2,4,4,2,2,2012,Other Christian,Mitt Romney
NA,NA,4,2,2,1,1,6,4,4,3,4,3,2,3,2012,Mainline,Barack Obama
NA,NA,2,NA,NA,NA,NA,NA,NA,NA,NA,NA,NA,NA,NA,2012,Other Religion,NA
NA,NA,2,2,2,2,1,7,2,4,3,4,4,2,6,2012,Not Religious,Barack Obama
NA,NA,2,1,1,2,1,4,4,1,4,4,4,2,2,2012,Not Religious,Barack Obama
NA,NA,4,1,1,2,1,6,4,4,3,4,4,2,4,2012,Catholic,Barack Obama
NA,NA,2,2,2,1,1,7,1,6,2,1,4,2,4,2012,Evangelical,Other
NA,NA,2,1,1,2,2,6,4,3,3,4,4,2,2,2012,Not Religious,Barack Obama
NA,NA,1,2,2,1,2,6,2,4,3,4,4,2,3,2012,Other Christian,NA
NA,NA,4,2,2,1,2,4,4,4,3,4,3,2,4,2012,Catholic,NA
NA,NA,4,2,2,2,1,4,5,4,2,4,5,1,3,2012,Mainline,Mitt Romney
NA,NA,4,2,2,2,1,4,4,3,4,5,4,2,1,2012,Catholic,Barack Obama
NA,NA,4,2,2,1,1,6,4,4,3,4,4,2,2,2012,Not Religious,Barack Obama
NA,NA,1,NA,NA,NA,NA,NA,NA,NA,NA,NA,NA,NA,NA,2012,Other Christian,NA
NA,NA,1,1,1,1,2,7,1,1,3,1,2,2,4,2012,Catholic,NA
NA,NA,2,2,2,1,2,6,6,6,3,3,3,4,2,2012,Not Religious,Barack Obama
NA,NA,1,2,1,2,1,4,4,2,4,5,5,4,1,2012,Not Religious,Barack Obama
NA,NA,2,1,2,1,2,2,3,1,4,3,3,3,2,2012,Not Religious,Barack Obama
NA,NA,2,1,2,1,2,6,4,4,2,5,5,2,3,2012,Mainline,Barack Obama
NA,NA,2,2,1,1,1,7,4,5,1,4,3,3,1,2012,Catholic,NA
NA,NA,1,1,1,2,1,7,1,1,3,4,4,4,1,2012,Evangelical,Barack Obama
NA,NA,2,2,2,1,1,4,2,4,2,4,4,2,2,2012,Mainline,Mitt Romney
NA,NA,4,2,2,2,1,5,4,4,2,4,3,2,3,2012,Jewish,Mitt Romney
NA,NA,5,2,2,1,1,4,4,1,1,4,4,3,4,2012,Catholic,NA
NA,NA,2,2,2,1,1,4,4,5,2,3,3,2,3,2012,Evangelical,NA
NA,NA,4,2,2,1,1,4,4,2,3,5,2,4,1,2012,Catholic,Mitt Romney
NA,NA,4,2,2,2,1,6,2,4,2,3,3,2,4,2012,Catholic,Mitt Romney
NA,NA,1,1,2,1,2,1,4,1,1,4,4,2,1,2012,Evangelical,NA
NA,NA,2,1,1,2,1,6,1,4,3,4,4,2,4,2012,Other Religion,Mitt Romney
NA,NA,NA,2,2,2,1,4,4,4,2,4,4,2,4,2012,Jewish,NA
NA,NA,1,2,2,2,2,4,4,4,1,5,5,1,4,2012,Not Religious,NA
NA,NA,4,2,2,1,2,4,2,4,2,4,4,2,4,2012,Not Religious,Barack Obama
NA,NA,5,NA,NA,NA,NA,NA,NA,NA,NA,NA,NA,NA,NA,2012,Evangelical,NA
NA,NA,4,2,1,2,1,4,4,2,4,4,4,2,3,2012,Not Religious,Barack Obama
NA,NA,4,1,2,2,1,7,1,2,4,3,3,2,2,2012,Not Religious,Barack Obama
NA,NA,2,2,1,2,1,6,4,4,4,4,4,2,1,2012,Jewish,Barack Obama
NA,NA,4,2,2,1,1,6,1,4,3,4,5,2,3,2012,Other Christian,Other
NA,NA,4,2,1,2,2,7,1,5,1,3,4,2,4,2012,Catholic,Other
NA,NA,4,2,1,2,1,4,4,3,4,5,5,2,2,2012,Not Religious,Barack Obama
NA,NA,4,2,1,2,1,7,2,1,3,3,2,3,1,2012,Catholic,Barack Obama
NA,NA,1,2,1,2,1,6,3,4,2,4,4,2,2,2012,Evangelical,NA
NA,NA,2,2,1,1,1,7,2,4,2,3,4,2,2,2012,Other Christian,NA
NA,NA,4,NA,NA,NA,NA,NA,NA,NA,NA,NA,NA,NA,NA,2012,Catholic,NA
NA,NA,2,1,2,1,1,6,4,1,4,4,4,2,2,2012,Mainline,Barack Obama
NA,NA,4,2,1,2,1,6,2,4,3,4,4,2,3,2012,Catholic,NA
NA,NA,2,2,2,1,2,4,4,4,3,4,3,2,4,2012,Other Christian,Barack Obama
NA,NA,1,1,2,2,1,4,4,1,5,4,4,2,4,2012,Other Christian,Barack Obama
NA,NA,2,2,2,1,1,4,1,2,2,4,4,3,3,2012,Catholic,NA
NA,NA,4,2,2,1,1,4,4,4,4,3,3,3,4,2012,Evangelical,Barack Obama
NA,NA,5,2,2,1,2,4,6,7,2,5,3,1,6,2012,Other Religion,NA
NA,NA,5,2,2,1,1,7,4,2,4,5,2,4,1,2012,Evangelical,Barack Obama
NA,NA,1,2,2,2,1,4,7,2,4,5,5,3,1,2012,Not Religious,Barack Obama
NA,NA,4,2,2,2,2,6,2,4,2,4,4,2,4,2012,Mainline,Mitt Romney
NA,NA,4,1,1,2,1,4,4,4,3,4,4,2,2,2012,Mainline,Barack Obama
NA,NA,2,2,2,2,1,5,4,4,3,4,4,3,1,2012,Catholic,Barack Obama
NA,NA,4,2,2,1,1,4,4,2,4,5,4,4,2,2012,Other Christian,Mitt Romney
NA,NA,1,2,1,2,1,6,6,6,3,4,4,2,4,2012,Jewish,Barack Obama
NA,NA,2,2,2,1,1,4,4,4,2,4,4,2,4,2012,Evangelical,Barack Obama
NA,NA,4,2,2,2,1,4,4,4,2,4,4,2,4,2012,Mainline,Mitt Romney
NA,NA,2,2,1,2,2,6,2,4,2,4,4,3,4,2012,Not Religious,Barack Obama
NA,NA,1,2,2,2,1,4,2,2,3,3,3,3,4,2012,Evangelical,Barack Obama
NA,NA,2,2,2,2,2,5,2,6,2,3,4,2,3,2012,Mainline,NA
NA,NA,4,2,1,2,1,7,4,4,3,4,3,2,2,2012,Not Religious,Barack Obama
NA,NA,1,2,2,1,2,4,1,7,3,5,5,5,1,2012,Evangelical,Barack Obama
NA,NA,5,2,1,2,1,4,4,2,2,4,3,3,2,2012,Catholic,NA
NA,NA,4,2,2,1,1,7,1,4,2,3,4,2,4,2012,Not Religious,Barack Obama
NA,NA,2,NA,NA,NA,NA,NA,NA,NA,NA,NA,NA,NA,NA,2012,Not Religious,NA
NA,NA,2,2,2,1,1,4,1,2,4,4,3,2,1,2012,Other Christian,NA
NA,NA,2,2,1,1,2,6,4,5,1,4,2,1,4,2012,Other Christian,Mitt Romney
NA,NA,4,2,1,1,1,6,4,7,2,4,3,2,4,2012,Not Religious,Barack Obama
NA,NA,4,2,2,1,1,6,4,4,1,4,4,2,4,2012,Mainline,Barack Obama
NA,NA,4,2,2,1,2,4,2,2,4,4,4,2,1,2012,Evangelical,NA
NA,NA,5,2,2,1,2,6,1,4,2,3,4,3,4,2012,Other Christian,Mitt Romney
NA,NA,2,2,2,2,1,7,4,2,4,4,1,4,1,2012,Evangelical,Mitt Romney
NA,NA,4,2,2,1,2,4,4,4,2,3,4,2,4,2012,Catholic,Barack Obama
NA,NA,4,2,2,2,1,7,4,4,2,5,4,2,6,2012,Not Religious,Barack Obama
NA,NA,5,2,2,2,1,4,4,1,3,2,4,2,4,2012,Catholic,Barack Obama
NA,NA,2,2,2,1,1,6,2,2,3,4,4,2,1,2012,Not Religious,Barack Obama
NA,NA,1,NA,NA,NA,NA,NA,NA,NA,NA,NA,NA,NA,NA,2012,Catholic,NA
NA,NA,4,1,2,1,2,4,2,4,3,4,4,2,2,2012,Other Christian,NA
NA,NA,1,1,2,1,2,7,3,4,2,4,2,2,4,2012,Other Religion,NA
NA,NA,4,2,2,1,1,6,2,4,3,3,3,2,2,2012,Other Christian,NA
NA,NA,4,2,2,2,1,6,4,1,4,4,3,2,1,2012,Catholic,NA
NA,NA,5,2,2,1,1,6,1,4,1,4,2,2,4,2012,Catholic,Other
NA,NA,4,2,2,2,1,7,1,5,2,3,4,2,3,2012,Other Christian,Mitt Romney
NA,NA,1,2,1,2,1,6,1,1,4,4,4,3,1,2012,Other Christian,Barack Obama
NA,NA,4,2,1,2,1,4,1,4,2,4,4,2,4,2012,Catholic,Mitt Romney
NA,NA,5,2,2,1,1,4,4,3,3,4,4,3,1,2012,Catholic,NA
NA,NA,2,2,2,1,1,7,1,6,2,2,1,2,4,2012,Evangelical,Mitt Romney
NA,NA,4,1,1,2,1,5,3,6,2,3,4,2,4,2012,Catholic,Mitt Romney
NA,NA,1,2,2,2,1,4,4,4,3,5,4,3,1,2012,Mainline,Barack Obama
NA,NA,2,1,1,2,1,4,4,1,4,4,4,2,1,2012,Jewish,Barack Obama
NA,NA,4,2,2,2,1,6,2,2,3,4,4,2,1,2012,Catholic,Barack Obama
NA,NA,2,2,2,2,1,4,4,4,2,5,4,2,4,2012,Mainline,Barack Obama
NA,NA,2,2,2,1,1,4,4,4,3,4,4,2,3,2012,Evangelical,Mitt Romney
NA,NA,5,1,2,2,1,4,4,7,2,2,2,1,4,2012,Other Christian,Barack Obama
NA,NA,2,2,2,1,2,7,1,4,1,2,1,3,4,2012,Catholic,NA
NA,NA,2,2,1,2,1,6,4,2,4,4,5,2,2,2012,Catholic,Barack Obama
NA,NA,4,2,2,1,1,6,3,4,3,4,4,3,4,2012,Catholic,NA
NA,NA,5,2,2,1,2,7,4,4,3,3,2,2,2,2012,Evangelical,NA
NA,NA,4,1,1,2,1,5,4,6,2,4,4,2,4,2012,Not Religious,Mitt Romney
NA,NA,2,1,1,2,1,5,4,1,4,5,5,3,1,2012,Not Religious,Barack Obama
NA,NA,2,NA,NA,NA,NA,NA,NA,NA,NA,NA,NA,NA,NA,2012,Not Religious,NA
NA,NA,2,2,2,2,1,6,4,1,3,4,4,3,3,2012,Catholic,Barack Obama
NA,NA,4,NA,NA,NA,NA,NA,NA,NA,NA,NA,NA,NA,NA,2012,Other Christian,NA
NA,NA,5,2,2,1,1,4,4,2,4,5,3,4,2,2012,Catholic,Barack Obama
NA,NA,4,2,2,1,1,6,2,4,2,4,4,2,1,2012,Mainline,Mitt Romney
NA,NA,5,2,2,1,1,6,4,4,2,4,2,2,4,2012,Catholic,Barack Obama
NA,NA,4,2,2,1,1,6,1,4,2,4,4,2,2,2012,Evangelical,Mitt Romney
NA,NA,4,2,2,1,2,4,4,4,2,5,4,2,4,2012,Catholic,Mitt Romney
NA,NA,5,1,2,1,1,6,4,1,2,4,3,3,4,2012,Evangelical,NA
NA,NA,4,2,2,1,2,6,2,4,4,5,5,2,4,2012,Catholic,NA
NA,NA,4,2,2,1,1,7,1,4,2,2,4,2,4,2012,Other Christian,Mitt Romney
NA,NA,2,1,1,2,2,5,4,4,2,3,4,2,3,2012,Jewish,Barack Obama
NA,NA,2,2,2,1,2,4,4,6,2,2,4,2,4,2012,Mainline,NA
NA,NA,2,2,2,1,2,7,4,4,3,3,3,4,2,2012,Catholic,Barack Obama
NA,NA,1,1,1,2,1,4,7,1,5,5,3,3,2,2012,Catholic,Barack Obama
NA,NA,2,2,2,2,2,6,6,6,3,4,4,2,6,2012,Other Christian,Barack Obama
NA,NA,4,2,2,2,1,4,4,3,3,4,4,2,2,2012,Catholic,NA
NA,NA,4,2,2,2,1,7,1,4,2,4,4,2,7,2012,Not Religious,Barack Obama
NA,NA,5,2,1,1,2,4,1,2,2,4,3,2,1,2012,Not Religious,Mitt Romney
NA,NA,2,2,2,2,1,6,1,4,3,4,5,2,2,2012,Catholic,Mitt Romney
NA,NA,2,2,2,1,2,6,4,4,3,4,4,2,2,2012,Catholic,Barack Obama
NA,NA,4,2,2,1,1,7,1,4,2,3,3,3,3,2012,Evangelical,Mitt Romney
NA,NA,5,2,2,2,2,4,4,6,3,4,4,2,2,2012,Not Religious,Barack Obama
NA,NA,2,NA,NA,NA,NA,NA,NA,NA,NA,NA,NA,NA,NA,2012,Evangelical,NA
NA,NA,5,2,2,1,1,5,1,4,2,3,4,2,4,2012,Evangelical,NA
NA,NA,4,2,2,1,1,4,4,5,2,4,4,2,3,2012,Catholic,Mitt Romney
NA,NA,4,2,2,2,1,7,1,4,3,2,2,2,2,2012,Evangelical,Mitt Romney
NA,NA,2,2,2,2,1,4,1,1,2,5,4,2,4,2012,Catholic,Barack Obama
NA,NA,4,1,1,2,1,6,4,2,3,5,5,3,1,2012,Not Religious,Other
NA,NA,2,2,2,1,1,4,1,1,4,4,4,4,2,2012,Other Christian,Barack Obama
NA,NA,4,2,2,2,2,7,4,7,1,1,1,1,4,2012,Catholic,NA
NA,NA,2,2,2,2,1,6,2,4,3,4,4,2,4,2012,Catholic,Barack Obama
NA,NA,2,NA,NA,NA,NA,NA,NA,NA,NA,NA,NA,NA,NA,2012,Other Christian,NA
NA,NA,4,1,1,2,1,4,4,4,3,4,4,3,2,2012,Catholic,NA
NA,NA,2,2,2,1,1,6,2,4,4,4,3,2,2,2012,Catholic,NA
NA,NA,4,NA,NA,NA,NA,NA,NA,NA,NA,NA,NA,NA,NA,2012,Catholic,NA
NA,NA,4,2,2,1,1,6,1,4,2,3,3,3,4,2012,Other Christian,Mitt Romney
NA,NA,1,2,2,2,1,6,4,4,1,3,3,1,4,2012,Catholic,Mitt Romney
NA,NA,5,2,2,1,2,4,7,4,2,4,5,4,4,2012,Evangelical,Barack Obama
NA,NA,4,1,2,2,2,2,7,4,2,5,3,2,6,2012,Jewish,NA
NA,NA,5,NA,NA,NA,NA,NA,NA,NA,NA,NA,NA,NA,NA,2012,Evangelical,NA
NA,NA,2,2,2,1,1,6,4,4,3,5,3,2,1,2012,Jewish,Mitt Romney
NA,NA,4,2,2,2,2,4,2,4,3,4,3,2,4,2012,Not Religious,Barack Obama
NA,NA,5,NA,NA,NA,NA,NA,NA,NA,NA,NA,NA,NA,NA,2012,Other Christian,NA
NA,NA,2,2,2,1,2,4,4,7,1,5,5,1,4,2012,Not Religious,Mitt Romney
NA,NA,4,1,1,2,1,4,4,4,2,4,4,2,4,2012,Not Religious,Barack Obama
NA,NA,2,1,2,2,1,4,2,4,3,4,4,2,2,2012,Not Religious,Mitt Romney
NA,NA,2,2,1,2,1,6,4,3,3,4,5,3,2,2012,Catholic,Other
NA,NA,2,2,2,1,1,4,2,4,2,4,4,2,5,2012,Other Christian,Mitt Romney
NA,NA,4,1,2,1,1,4,1,4,1,1,1,1,4,2012,Not Religious,Mitt Romney
NA,NA,4,1,2,1,2,7,2,1,4,4,4,2,2,2012,Evangelical,NA
NA,NA,1,NA,NA,NA,NA,NA,NA,NA,NA,NA,NA,NA,NA,2012,Mainline,NA
NA,NA,2,1,2,2,1,4,4,2,3,4,4,2,2,2012,Evangelical,Barack Obama
NA,NA,2,1,1,2,1,6,2,1,4,3,2,3,3,2012,Catholic,Mitt Romney
NA,NA,4,2,2,1,2,6,1,2,4,4,4,2,1,2012,Evangelical,NA
NA,NA,2,2,2,1,2,6,2,4,2,5,4,2,3,2012,Evangelical,Barack Obama
NA,NA,1,2,2,2,2,6,2,4,2,3,2,2,2,2012,Not Religious,Barack Obama
NA,NA,1,2,2,2,1,7,4,4,2,4,4,1,4,2012,Other Religion,Mitt Romney
NA,NA,5,2,1,1,2,4,4,1,4,4,4,2,2,2012,Evangelical,Barack Obama
NA,NA,5,2,2,1,2,6,4,4,3,4,3,3,4,2012,Not Religious,Mitt Romney
NA,NA,5,NA,NA,NA,NA,NA,NA,NA,NA,NA,NA,NA,NA,2012,Other Religion,NA
NA,NA,4,NA,NA,NA,NA,NA,NA,NA,NA,NA,NA,NA,NA,2012,Catholic,NA
NA,NA,5,2,2,1,2,6,1,2,2,4,4,3,2,2012,Evangelical,NA
NA,NA,2,2,2,2,2,5,4,4,2,2,3,3,3,2012,Not Religious,Mitt Romney
NA,NA,5,2,2,2,1,6,1,4,3,2,2,3,4,2012,Mainline,NA
NA,NA,2,1,1,2,2,7,4,2,3,5,4,4,2,2012,Not Religious,NA
NA,NA,2,1,1,2,1,4,4,4,2,4,4,2,4,2012,Mainline,Mitt Romney
NA,NA,2,2,2,1,2,6,1,2,4,3,3,3,2,2012,Evangelical,Barack Obama
NA,NA,5,2,2,2,2,6,4,2,2,5,4,3,2,2012,Other Christian,Barack Obama
NA,NA,4,NA,NA,NA,NA,NA,NA,NA,NA,NA,NA,NA,NA,2012,Evangelical,NA
NA,NA,4,NA,NA,NA,NA,NA,NA,NA,NA,NA,NA,NA,NA,2012,Evangelical,NA
NA,NA,5,2,2,1,2,7,1,6,3,2,2,2,7,2012,Jewish,Mitt Romney
NA,NA,5,2,1,1,1,5,1,4,3,4,4,2,3,2012,Mainline,Mitt Romney
NA,NA,1,1,2,1,2,4,4,2,3,4,4,2,3,2012,Other Christian,NA
NA,NA,1,2,2,1,2,6,4,1,3,4,3,3,2,2012,Catholic,Mitt Romney
NA,NA,4,2,1,2,1,5,3,2,3,3,2,4,3,2012,Catholic,Barack Obama
NA,NA,1,2,1,2,1,7,1,2,3,3,4,3,4,2012,Catholic,Barack Obama
NA,NA,2,2,2,1,1,4,2,1,3,5,4,2,1,2012,Not Religious,Barack Obama
NA,NA,5,1,1,2,2,4,4,4,1,2,4,2,4,2012,Jewish,NA
NA,NA,2,2,1,1,2,4,2,4,3,5,3,2,1,2012,Evangelical,Barack Obama
NA,NA,1,NA,NA,NA,NA,NA,NA,NA,NA,NA,NA,NA,NA,2012,Not Religious,NA
NA,NA,2,2,1,2,2,6,2,4,3,4,4,2,4,2012,Catholic,NA
NA,NA,2,1,1,1,1,6,1,2,3,4,4,2,2,2012,Mainline,Barack Obama
NA,NA,1,2,2,1,2,7,1,4,2,5,3,2,4,2012,Evangelical,NA
NA,NA,2,1,2,2,1,4,4,1,3,5,5,2,1,2012,Not Religious,Barack Obama
NA,NA,2,2,2,2,1,4,4,6,2,2,2,2,4,2012,Other Religion,Barack Obama
NA,NA,1,2,2,1,1,4,4,6,2,4,4,2,1,2012,Catholic,Barack Obama
NA,NA,2,2,2,1,2,6,2,7,2,2,4,2,4,2012,Other Religion,NA
NA,NA,4,2,2,2,2,7,1,4,1,3,4,2,4,2012,Catholic,Mitt Romney
NA,NA,2,NA,NA,NA,NA,NA,NA,NA,NA,NA,NA,NA,NA,2012,Catholic,NA
NA,NA,5,2,2,1,2,4,4,4,1,4,4,2,4,2012,Evangelical,Mitt Romney
NA,NA,5,2,2,1,2,6,4,4,2,4,4,2,1,2012,Evangelical,Mitt Romney
NA,NA,2,NA,1,1,2,4,4,4,3,4,2,3,4,2012,Other Christian,NA
NA,NA,4,2,2,1,2,6,1,4,1,1,1,2,4,2012,Evangelical,Mitt Romney
NA,NA,2,2,2,1,2,4,4,4,3,4,3,2,3,2012,Other Christian,Mitt Romney
NA,NA,4,2,2,2,2,4,4,2,3,4,4,3,2,2012,Evangelical,NA
NA,NA,4,2,1,1,1,6,2,2,4,4,2,4,1,2012,Not Religious,Other
NA,NA,2,2,2,1,2,4,4,1,1,4,5,1,4,2012,Catholic,NA
NA,NA,5,2,2,1,1,6,1,4,3,4,3,2,2,2012,Evangelical,NA
NA,NA,4,2,1,1,1,4,4,1,5,5,4,4,1,2012,Other Religion,NA
NA,NA,2,1,1,2,1,5,4,1,3,5,5,3,2,2012,Not Religious,NA
NA,NA,4,2,2,2,1,5,4,7,2,3,3,2,2,2012,Other Christian,Mitt Romney
NA,NA,2,2,1,2,1,6,2,2,3,4,4,3,1,2012,Catholic,Barack Obama
NA,NA,4,2,2,2,1,6,2,6,3,2,4,2,3,2012,Evangelical,Mitt Romney
NA,NA,1,2,2,1,2,7,1,1,3,3,3,3,4,2012,Other Christian,Barack Obama
NA,NA,2,2,2,2,1,4,4,4,3,5,4,3,4,2012,Catholic,NA
NA,NA,4,1,2,2,2,4,4,4,2,4,3,2,4,2012,Not Religious,Mitt Romney
NA,NA,5,2,1,1,1,4,1,4,3,4,4,2,3,2012,Catholic,Mitt Romney
NA,NA,5,2,1,1,1,4,4,7,1,2,1,2,4,2012,Other Religion,Mitt Romney
NA,NA,4,2,2,2,1,6,6,2,2,3,3,3,1,2012,Catholic,Barack Obama
NA,NA,2,1,1,2,1,4,4,2,3,4,3,2,2,2012,Mainline,NA
NA,NA,4,2,2,1,1,4,4,4,3,4,3,3,3,2012,Evangelical,Mitt Romney
NA,NA,2,2,2,1,2,3,5,4,3,2,3,3,4,2012,Evangelical,NA
NA,NA,5,2,1,1,2,6,1,4,2,2,4,2,4,2012,Evangelical,NA
NA,NA,1,1,1,2,1,4,4,4,3,4,4,3,2,2012,Not Religious,Barack Obama
NA,NA,5,2,2,1,2,7,4,1,4,2,2,4,1,2012,Catholic,NA
NA,NA,4,1,2,2,1,4,1,4,3,1,3,3,2,2012,Evangelical,Mitt Romney
NA,NA,1,2,2,1,2,6,2,7,2,4,3,3,4,2012,Not Religious,NA
NA,NA,4,2,1,1,1,7,2,6,2,4,3,2,3,2012,Mainline,Mitt Romney
NA,NA,2,1,1,2,1,4,4,2,3,5,5,3,2,2012,Mainline,Barack Obama
NA,NA,2,2,1,1,1,6,1,5,2,3,2,2,4,2012,Mainline,NA
NA,NA,2,1,1,2,1,4,4,4,3,5,4,2,3,2012,Evangelical,Mitt Romney
NA,NA,5,2,2,1,1,4,4,1,4,4,4,4,1,2012,Other Religion,NA
NA,NA,4,2,2,2,1,4,4,5,2,4,4,2,4,2012,Mainline,Mitt Romney
NA,NA,4,NA,NA,NA,NA,NA,NA,NA,NA,NA,NA,NA,NA,2012,Not Religious,NA
NA,NA,2,2,2,2,1,6,4,4,3,4,4,2,3,2012,Not Religious,Barack Obama
NA,NA,2,2,2,2,1,4,4,4,3,4,4,2,2,2012,Not Religious,Barack Obama
NA,NA,2,1,2,2,2,4,4,4,3,4,4,2,3,2012,Other Christian,Mitt Romney
NA,NA,2,NA,NA,NA,NA,NA,NA,NA,NA,NA,NA,NA,NA,2012,Mainline,NA
NA,NA,4,1,1,2,1,4,4,4,2,4,3,2,3,2012,Mainline,NA
NA,NA,2,2,1,2,1,6,4,3,4,4,5,2,2,2012,Other Religion,Barack Obama
NA,NA,2,2,1,1,1,6,4,4,4,3,3,3,3,2012,Not Religious,NA
NA,NA,4,2,1,1,2,4,4,4,2,4,4,2,4,2012,Catholic,Mitt Romney
NA,NA,4,2,2,1,1,6,1,2,4,4,4,2,2,2012,Not Religious,Barack Obama
NA,NA,2,2,2,1,1,6,4,3,3,2,2,3,4,2012,Not Religious,Barack Obama
NA,NA,4,NA,NA,NA,NA,NA,NA,NA,NA,NA,NA,NA,NA,2012,Not Religious,NA
NA,NA,5,2,2,2,1,5,4,4,3,5,3,2,4,2012,Not Religious,Mitt Romney
NA,NA,2,2,2,1,2,7,1,4,3,4,4,2,4,2012,Other Christian,Barack Obama
NA,NA,2,NA,NA,NA,NA,NA,NA,NA,NA,NA,NA,NA,NA,2012,Not Religious,NA
NA,NA,4,2,2,1,1,6,4,4,2,4,4,2,2,2012,Evangelical,NA
NA,NA,2,2,2,2,1,4,4,1,2,5,3,4,1,2012,Not Religious,Barack Obama
NA,NA,2,2,2,2,2,6,4,1,1,1,3,2,4,2012,Catholic,Barack Obama
NA,NA,5,NA,NA,NA,NA,NA,NA,NA,NA,NA,NA,NA,NA,2012,Jewish,NA
NA,NA,2,2,1,2,1,6,4,2,4,5,5,4,3,2012,Evangelical,Barack Obama
NA,NA,4,1,2,1,2,4,2,2,4,4,4,2,2,2012,Other Christian,Barack Obama
NA,NA,2,2,1,1,1,7,1,5,2,4,4,2,4,2012,Evangelical,Mitt Romney
NA,NA,4,1,1,2,1,4,4,1,4,5,4,3,1,2012,Jewish,Barack Obama
NA,NA,4,2,2,1,1,4,2,6,1,2,4,2,6,2012,Evangelical,Mitt Romney
NA,NA,2,NA,NA,NA,NA,NA,NA,NA,NA,NA,NA,NA,NA,2012,Other Christian,NA
NA,NA,5,NA,NA,NA,NA,NA,NA,NA,NA,NA,NA,NA,NA,2012,Not Religious,NA
NA,NA,2,2,2,1,2,4,2,4,1,3,3,3,4,2012,Catholic,NA
NA,NA,4,2,1,1,1,7,1,7,2,2,3,2,5,2012,Evangelical,Mitt Romney
NA,NA,2,2,1,2,1,6,4,2,4,5,5,2,1,2012,Evangelical,NA
NA,NA,1,2,2,2,2,4,4,4,2,4,5,2,1,2012,Not Religious,NA
NA,NA,4,2,2,2,1,6,1,4,2,4,4,3,3,2012,Not Religious,NA
NA,NA,1,NA,NA,NA,NA,NA,NA,NA,NA,NA,NA,NA,NA,2012,Not Religious,NA
NA,NA,4,2,2,1,1,6,2,4,2,4,4,2,4,2012,Other Christian,NA
NA,NA,1,1,2,1,2,4,1,4,1,3,4,3,4,2012,Not Religious,NA
NA,NA,4,2,2,1,2,6,1,1,3,4,4,3,1,2012,Other Christian,Mitt Romney
NA,NA,4,1,1,2,1,4,4,4,2,2,2,2,4,2012,Not Religious,Other
NA,NA,1,2,1,1,1,4,4,2,4,5,2,2,2,2012,Mainline,Barack Obama
NA,NA,2,2,2,1,2,6,4,2,3,4,4,2,2,2012,Not Religious,Barack Obama
NA,NA,2,2,2,1,2,6,4,4,2,4,4,1,4,2012,Other Religion,NA
NA,NA,4,1,2,2,1,4,1,4,2,3,3,2,3,2012,Evangelical,Mitt Romney
NA,NA,5,2,2,1,1,6,2,4,3,4,3,2,2,2012,Catholic,Mitt Romney
NA,NA,2,2,2,2,1,6,4,2,3,4,4,2,3,2012,Not Religious,Barack Obama
NA,NA,2,2,2,1,2,7,1,1,4,1,3,4,7,2012,Catholic,Barack Obama
NA,NA,2,2,2,1,2,4,4,4,1,3,3,3,4,2012,Catholic,NA
NA,NA,4,2,2,2,2,6,1,5,2,1,2,2,1,2012,Catholic,Mitt Romney
NA,NA,2,1,1,2,1,6,4,3,2,4,3,2,4,2012,Not Religious,Barack Obama
NA,NA,1,2,2,1,1,4,1,1,4,4,3,4,2,2012,Evangelical,NA
NA,NA,2,1,1,2,1,5,2,2,3,2,3,3,2,2012,Not Religious,Barack Obama
NA,NA,4,2,2,1,2,6,1,7,3,1,1,3,1,2012,Catholic,Barack Obama
NA,NA,2,1,2,2,2,4,4,4,3,3,3,3,4,2012,Not Religious,NA
NA,NA,2,2,1,2,1,4,4,4,2,4,4,2,4,2012,Mainline,Mitt Romney
NA,NA,4,1,1,2,1,6,2,4,2,4,4,2,4,2012,Catholic,Barack Obama
NA,NA,2,1,2,2,1,5,4,3,3,4,4,2,2,2012,Other Christian,Barack Obama
NA,NA,1,1,2,2,2,4,1,4,2,5,5,2,2,2012,Evangelical,NA
NA,NA,2,2,2,1,2,6,4,4,3,1,3,4,3,2012,Evangelical,Barack Obama
NA,NA,2,NA,NA,NA,NA,NA,NA,NA,NA,NA,NA,NA,NA,2012,Catholic,NA
NA,NA,2,2,2,2,1,4,3,2,3,4,4,2,4,2012,Catholic,Barack Obama
NA,NA,4,2,2,2,1,7,1,7,1,2,2,2,2,2012,Other Christian,Mitt Romney
NA,NA,1,1,1,1,1,7,6,1,4,3,3,2,7,2012,Evangelical,Barack Obama
NA,NA,2,1,1,2,1,6,4,4,2,3,4,2,3,2012,Not Religious,Barack Obama
NA,NA,5,2,2,1,1,6,1,4,3,2,3,3,1,2012,Catholic,Mitt Romney
NA,NA,4,2,2,1,1,6,2,4,2,4,3,2,3,2012,Evangelical,NA
NA,NA,2,2,1,1,1,6,4,4,2,5,5,2,4,2012,Evangelical,Mitt Romney
NA,NA,2,2,2,1,2,6,1,1,4,5,3,3,4,2012,Other Christian,Barack Obama
NA,NA,1,2,2,1,1,7,4,4,2,2,2,2,4,2012,Mainline,NA
NA,NA,5,2,2,1,2,7,7,7,1,2,2,2,3,2012,Evangelical,NA
NA,NA,4,2,2,1,2,4,1,4,4,4,4,2,4,2012,Evangelical,Barack Obama
NA,NA,4,2,2,1,1,7,2,4,3,4,4,3,4,2012,Catholic,NA
NA,NA,4,1,1,1,2,6,1,1,4,3,4,3,4,2012,Jewish,Barack Obama
NA,NA,4,2,1,1,1,7,1,4,2,4,4,2,1,2012,Mainline,NA
NA,NA,4,2,2,1,1,4,7,2,3,5,4,3,2,2012,Other Christian,Barack Obama
NA,NA,1,NA,NA,NA,NA,NA,NA,NA,NA,NA,NA,NA,NA,2012,Catholic,NA
NA,NA,4,2,2,2,1,6,1,5,2,3,3,2,4,2012,Other Christian,Mitt Romney
NA,NA,5,2,2,1,2,6,2,4,3,4,4,2,4,2012,Evangelical,Mitt Romney
NA,NA,4,2,2,2,1,2,4,5,2,4,3,2,4,2012,Other Christian,Mitt Romney
NA,NA,5,NA,NA,NA,NA,NA,NA,NA,NA,NA,NA,NA,NA,2012,Not Religious,NA
NA,NA,2,2,2,2,1,4,2,4,2,4,4,2,3,2012,Catholic,Barack Obama
NA,NA,4,2,2,1,2,7,6,4,4,4,4,1,2,2012,Other Christian,Barack Obama
NA,NA,2,1,2,2,1,4,4,4,2,4,4,2,4,2012,Mainline,Mitt Romney
NA,NA,4,2,1,2,1,6,1,6,2,2,4,2,6,2012,Catholic,Mitt Romney
NA,NA,2,1,1,2,1,6,4,2,3,4,4,2,5,2012,Other Religion,Barack Obama
NA,NA,5,2,2,1,1,4,4,4,2,3,3,2,4,2012,Not Religious,Mitt Romney
NA,NA,5,2,2,1,1,6,1,4,2,4,3,2,1,2012,Evangelical,Mitt Romney
NA,NA,2,2,2,2,2,4,4,4,4,3,3,3,7,2012,Not Religious,NA
NA,NA,2,1,1,2,1,6,4,2,4,4,4,2,2,2012,Not Religious,Barack Obama
NA,NA,2,2,2,2,1,4,4,3,3,4,3,2,2,2012,Catholic,Mitt Romney
NA,NA,2,NA,NA,NA,NA,NA,NA,NA,NA,NA,NA,NA,NA,2012,Other Christian,NA
NA,NA,2,2,2,1,1,6,4,1,3,5,4,3,1,2012,Not Religious,NA
NA,NA,4,2,1,1,1,6,4,4,3,4,4,2,4,2012,Evangelical,Barack Obama
NA,NA,4,2,1,2,1,5,4,4,3,5,5,2,4,2012,Mainline,Barack Obama
NA,NA,2,2,2,2,1,4,1,4,4,3,2,5,5,2012,Evangelical,NA
NA,NA,4,2,1,1,1,6,4,2,3,5,4,2,3,2012,Mainline,Barack Obama
NA,NA,2,2,2,2,2,4,4,4,1,4,4,2,4,2012,Not Religious,NA
NA,NA,4,2,2,1,1,6,1,2,4,2,4,2,2,2012,Evangelical,Barack Obama
NA,NA,5,2,2,1,2,6,2,4,3,4,5,2,1,2012,Evangelical,NA
NA,NA,5,1,2,2,2,4,1,4,2,4,5,3,6,2012,Catholic,Barack Obama
NA,NA,4,NA,NA,NA,NA,NA,NA,NA,NA,NA,NA,NA,NA,2012,Catholic,NA
NA,NA,4,2,2,1,2,6,6,4,2,4,2,2,3,2012,Not Religious,Mitt Romney
NA,NA,2,2,2,1,1,4,4,2,4,5,4,2,1,2012,Not Religious,Barack Obama
NA,NA,4,2,2,1,2,5,4,4,3,4,4,2,3,2012,Black Protestant,Barack Obama
NA,NA,4,2,2,1,1,7,4,4,2,4,4,1,4,2012,Evangelical,Mitt Romney
NA,NA,2,1,2,2,2,6,4,4,2,4,4,1,4,2012,Evangelical,NA
NA,NA,2,2,2,2,2,6,3,1,4,4,4,3,1,2012,Other Religion,Barack Obama
NA,NA,4,2,2,1,1,7,1,4,4,4,4,2,2,2012,Not Religious,NA
NA,NA,2,1,1,1,1,4,4,3,3,4,4,2,4,2012,Jewish,Barack Obama
NA,NA,5,2,2,1,1,4,4,4,3,5,2,4,1,2012,Other Christian,NA
NA,NA,4,2,2,2,1,4,4,2,3,4,3,2,3,2012,Not Religious,NA
NA,NA,1,1,2,2,1,7,1,1,5,5,1,5,2,2012,Not Religious,Barack Obama
NA,NA,4,2,2,2,1,4,4,1,3,5,3,3,2,2012,Mainline,Barack Obama
NA,NA,2,2,2,1,1,6,6,1,4,5,4,3,1,2012,Evangelical,Barack Obama
NA,NA,5,2,2,1,2,5,4,4,3,5,4,4,1,2012,Mainline,Mitt Romney
NA,NA,4,2,2,2,2,4,4,4,3,3,3,3,2,2012,Evangelical,NA
NA,NA,2,2,1,2,1,4,4,4,2,5,4,1,4,2012,Evangelical,Barack Obama
NA,NA,4,1,2,2,1,4,4,4,3,4,5,1,4,2012,Evangelical,Barack Obama
NA,NA,2,NA,NA,NA,NA,NA,NA,NA,NA,NA,NA,NA,NA,2012,Not Religious,NA
NA,NA,2,2,2,1,2,4,4,4,2,4,4,2,2,2012,Evangelical,NA
NA,NA,5,1,2,1,2,7,4,1,5,5,4,4,1,2012,Catholic,Mitt Romney
NA,NA,2,2,1,1,1,4,2,2,4,5,4,3,2,2012,Not Religious,Barack Obama
NA,NA,4,2,1,1,1,6,2,4,3,3,4,3,1,2012,Other Christian,Barack Obama
NA,NA,4,2,1,2,1,4,4,4,2,2,2,2,2,2012,Mainline,Mitt Romney
NA,NA,4,1,2,2,1,6,4,2,3,4,4,2,2,2012,Not Religious,Barack Obama
NA,NA,5,2,2,1,1,6,6,2,3,3,3,3,2,2012,Evangelical,NA
NA,NA,2,2,2,1,1,4,4,4,3,4,2,2,1,2012,Not Religious,NA
NA,NA,2,2,1,1,1,4,4,2,3,4,2,3,3,2012,Other Christian,NA
NA,NA,4,1,1,2,1,6,1,4,2,4,4,2,2,2012,Other Christian,Other
NA,NA,2,2,2,1,2,7,4,1,3,2,2,4,2,2012,Catholic,NA
NA,NA,5,2,2,1,1,6,4,5,2,2,3,2,4,2012,Not Religious,NA
NA,NA,1,1,2,2,1,6,4,1,4,4,3,3,1,2012,Not Religious,Barack Obama
NA,NA,4,2,2,2,1,6,2,7,2,4,4,2,4,2012,Mainline,Barack Obama
NA,NA,2,2,1,2,1,4,4,3,2,3,3,5,4,2012,Not Religious,Barack Obama
NA,NA,4,NA,NA,NA,NA,NA,NA,NA,NA,NA,NA,NA,NA,2012,Evangelical,NA
NA,NA,2,2,2,2,1,4,2,4,3,3,2,2,2,2012,Not Religious,NA
NA,NA,4,2,1,1,2,6,2,1,3,4,4,2,1,2012,Evangelical,Mitt Romney
NA,NA,2,2,2,1,2,6,1,4,3,4,4,2,2,2012,Catholic,NA
NA,NA,4,2,2,1,2,7,1,7,1,1,1,2,7,2012,Evangelical,NA
NA,NA,2,1,2,1,2,7,6,4,1,4,3,2,4,2012,Evangelical,NA
NA,NA,2,2,2,1,2,7,1,1,3,4,1,4,1,2012,Evangelical,NA
NA,NA,4,2,2,1,2,4,4,4,3,4,3,2,2,2012,Evangelical,Barack Obama
NA,NA,5,1,2,2,2,4,4,2,3,5,4,2,1,2012,Not Religious,NA
NA,NA,2,2,1,2,1,4,4,4,3,4,4,2,3,2012,Catholic,Barack Obama
NA,NA,5,2,2,2,1,6,4,4,3,3,3,3,4,2012,Mainline,NA
NA,NA,1,2,2,1,2,7,4,1,3,2,5,5,1,2012,Catholic,NA
NA,NA,1,1,2,2,2,7,1,6,1,4,4,3,6,2012,Catholic,Barack Obama
NA,NA,2,1,1,2,1,6,4,4,3,5,4,2,2,2012,Other Christian,Barack Obama
NA,NA,4,1,2,1,2,4,4,4,2,5,5,2,2,2012,Catholic,NA
NA,NA,2,2,2,1,2,4,2,4,5,3,3,3,4,2012,Catholic,NA
NA,NA,2,2,2,2,1,6,4,2,3,4,3,2,4,2012,Catholic,Barack Obama
NA,NA,2,2,2,2,1,4,4,4,2,4,3,2,4,2012,Mainline,Barack Obama
NA,NA,4,2,2,1,2,7,2,4,1,2,3,2,1,2012,Catholic,Mitt Romney
NA,NA,1,2,1,1,2,4,4,6,5,3,2,3,1,2012,Not Religious,NA
NA,NA,4,NA,NA,NA,NA,NA,NA,NA,NA,NA,NA,NA,NA,2012,Catholic,NA
NA,NA,2,2,2,1,2,4,1,4,3,4,4,2,3,2012,Other Religion,Mitt Romney
NA,NA,4,2,1,1,1,7,1,7,2,4,4,3,1,2012,Other Christian,Mitt Romney
NA,NA,2,NA,NA,NA,NA,NA,NA,NA,NA,NA,NA,NA,NA,2012,Not Religious,NA
NA,NA,5,NA,NA,NA,NA,NA,NA,NA,NA,NA,NA,NA,NA,2012,Catholic,NA
NA,NA,2,2,2,2,1,4,4,3,3,5,4,2,2,2012,Jewish,Barack Obama
NA,NA,2,2,2,1,2,4,4,4,3,4,4,2,3,2012,Not Religious,Barack Obama
NA,NA,4,2,2,1,1,5,2,2,3,4,4,3,3,2012,Evangelical,NA
NA,NA,2,NA,NA,NA,NA,NA,NA,NA,NA,NA,NA,NA,NA,2012,Mainline,NA
NA,NA,2,2,2,2,1,4,4,4,3,5,4,3,2,2012,Evangelical,Barack Obama
NA,NA,5,2,2,1,1,7,1,4,2,4,4,2,4,2012,Other Christian,Mitt Romney
NA,NA,4,2,2,1,2,6,2,7,1,3,3,2,5,2012,Evangelical,Mitt Romney
NA,NA,2,2,2,1,1,4,2,2,2,4,4,2,2,2012,Other Christian,Mitt Romney
NA,NA,4,1,1,2,1,4,4,1,3,4,5,2,2,2012,Mainline,NA
NA,NA,5,2,2,1,1,4,4,1,3,5,4,5,1,2012,Not Religious,NA
NA,NA,2,2,2,1,1,6,1,4,1,4,4,2,2,2012,Other Christian,Mitt Romney
NA,NA,2,1,1,2,1,6,3,2,3,4,4,2,2,2012,Not Religious,Barack Obama
NA,NA,2,2,2,1,2,6,1,4,2,4,4,3,2,2012,Evangelical,Mitt Romney
NA,NA,2,2,2,2,2,4,4,4,3,4,2,2,4,2012,Not Religious,Barack Obama
NA,NA,4,2,2,1,2,4,4,4,1,3,3,1,4,2012,Catholic,Barack Obama
NA,NA,2,2,2,1,2,7,1,1,4,2,2,3,6,2012,Catholic,Barack Obama
NA,NA,4,2,2,2,1,6,2,6,3,3,3,3,2,2012,Other Christian,NA
